0,0000	-0,022624
0,0200	0,003135
0,0400	0,067277
0,0600	-0,000335
0,0800	-0,051978
0,1000	-0,088262
0,1200	-0,026280
0,1400	0,017200
0,1600	0,021802
0,1800	0,014485
0,2000	-0,058668
0,2200	0,036878
0,2400	0,014877
0,2600	0,007779
0,2800	-0,033656
0,3000	0,027526
0,3200	0,056879
0,3400	0,075018
0,3600	-0,008651
0,3800	-0,072882
0,4000	0,001232
0,4200	0,060815
0,4400	-0,059905
0,4600	-0,015913
0,4800	-0,093763
0,5000	0,011951
0,5200	-0,051075
0,5400	-0,022813
0,5600	0,102412
0,5800	-0,020317
0,6000	0,061790
0,6200	-0,030310
0,6400	0,101071
0,6600	-0,030461
0,6800	0,075140
0,7000	0,028562
0,7200	-0,027456
0,7400	0,022329
0,7600	0,054592
0,7800	-0,025511
0,8000	0,049749
0,8200	-0,024546
0,8400	0,065478
0,8600	-0,005347
0,8800	-0,093402
0,9000	0,010192
0,9200	0,053455
0,9400	0,034883
0,9600	0,056831
0,9800	0,022759
1,0000	0,039850
1,0200	-0,018682
1,0400	0,093627
1,0600	0,017224
1,0800	0,067693
1,1000	0,008554
1,1200	0,093166
1,1400	0,065273
1,1600	0,091579
1,1800	-0,073432
1,2000	0,099238
1,2200	0,024476
1,2400	-0,006697
1,2600	0,015257
1,2800	-0,044485
1,3000	-0,058472
1,3200	0,072722
1,3400	0,043905
1,3600	-0,052234
1,3800	-0,027320
1,4000	0,048282
1,4200	0,057719
1,4400	0,043940
1,4600	-0,049401
1,4800	-0,042324
1,5000	0,017550
1,5200	-0,003539
1,5400	-0,055356
1,5600	0,104210
1,5800	0,019556
1,6000	0,017475
1,6200	0,033187
1,6400	0,043765
1,6600	0,025522
1,6800	0,071030
1,7000	0,071034
1,7200	-0,047730
1,7400	0,122057
1,7600	-0,074483
1,7800	0,027650
1,8000	0,098820
1,8200	-0,078855
1,8400	-0,051812
1,8600	0,012848
1,8800	0,004698
1,9000	-0,097643
1,9200	0,102899
1,9400	0,024462
1,9600	-0,107186
1,9800	-0,012801
2,0000	-0,083733
2,0200	0,018422
2,0400	-0,019057
2,0600	0,036522
2,0800	-0,037818
2,1000	-0,063055
2,1200	-0,086977
2,1400	-0,020997
2,1600	-0,095748
2,1800	-0,065804
2,2000	0,029884
2,2200	0,052184
2,2400	-0,030707
2,2600	-0,005690
2,2800	0,055472
2,3000	-0,021626
2,3200	0,006422
2,3400	-0,018604
2,3600	0,020836
2,3800	-0,099072
2,4000	0,022931
2,4200	-0,010893
2,4400	-0,005454
2,4600	-0,058948
2,4800	-0,038519
2,5000	0,022712
2,5200	-0,080716
2,5400	0,018893
2,5600	-0,078280
2,5800	0,029609
2,6000	0,011800
2,6200	-0,003372
2,6400	-0,070616
2,6600	-0,062332
2,6800	-0,042422
2,7000	0,034199
2,7200	-0,013918
2,7400	0,004495
2,7600	-0,004074
2,7800	0,014281
2,8000	0,074308
2,8200	-0,015662
2,8400	-0,067310
2,8600	0,032991
2,8800	0,011630
2,9000	-0,112098
2,9200	-0,032978
2,9400	-0,056339
2,9600	-0,003624
2,9800	-0,004780
3,0000	-0,061209
3,0200	0,119947
3,0400	-0,019542
3,0600	-0,015679
3,0800	-0,060605
3,1000	-0,051200
3,1200	-0,011560
3,1400	-0,063218
3,1600	-0,035969
3,1800	-0,097682
3,2000	-0,037682
3,2200	0,040116
3,2400	-0,146678
3,2600	-0,084986
3,2800	-0,087438
3,3000	-0,144312
3,3200	-0,077952
3,3400	-0,047534
3,3600	-0,035485
3,3800	0,011999
3,4000	0,011497
3,4200	-0,044436
3,4400	-0,028462
3,4600	0,026321
3,4800	-0,034526
3,5000	0,058577
3,5200	0,005321
3,5400	-0,053261
3,5600	-0,079142
3,5800	0,025833
3,6000	-0,005860
3,6200	-0,003126
3,6400	-0,009955
3,6600	-0,080412
3,6800	-0,006729
3,7000	-0,090895
3,7200	0,011561
3,7400	0,130555
3,7600	-0,018342
3,7800	-0,006922
3,8000	-0,036125
3,8200	-0,044677
3,8400	0,003357
3,8600	-0,027507
3,8800	0,071337
3,9000	0,039528
3,9200	-0,006446
3,9400	0,021034
3,9600	-0,032259
3,9800	-0,016209
4,0000	0,084981
4,0200	-0,009926
4,0400	-0,010516
4,0600	-0,030345
4,0800	0,025418
4,1000	0,026685
4,1200	-0,126040
4,1400	-0,026629
4,1600	0,007102
4,1800	-0,011902
4,2000	-0,061377
4,2200	0,093449
4,2400	-0,004788
4,2600	-0,008957
4,2800	-0,121720
4,3000	0,035305
4,3200	0,025453
4,3400	0,024670
4,3600	-0,034883
4,3800	-0,017485
4,4000	-0,067964
4,4200	-0,024730
4,4400	0,054988
4,4600	-0,033378
4,4800	-0,042868
4,5000	0,022527
4,5200	-0,051074
4,5400	0,018648
4,5600	0,095420
4,5800	-0,052855
4,6000	0,003643
4,6200	-0,085512
4,6400	0,092590
4,6600	0,068636
4,6800	0,027847
4,7000	0,004971
4,7200	0,069639
4,7400	-0,008968
4,7600	0,030899
4,7800	-0,035309
4,8000	-0,016984
4,8200	-0,016896
4,8400	-0,024084
4,8600	0,024002
4,8800	0,070217
4,9000	0,038639
4,9200	-0,036011
4,9400	-0,017520
4,9600	0,057977
4,9800	0,052136
5,0000	-0,022143
5,0200	0,006014
5,0400	-0,002604
5,0600	0,066230
5,0800	0,027998
5,1000	0,096222
5,1200	0,022809
5,1400	-0,007763
5,1600	0,000802
5,1800	0,039852
5,2000	0,024114
5,2200	0,046409
5,2400	0,042465
5,2600	0,060233
5,2800	0,020869
5,3000	-0,005905
5,3200	-0,113305
5,3400	0,034639
5,3600	-0,085540
5,3800	0,006919
5,4000	-0,023577
5,4200	0,086680
5,4400	-0,008149
5,4600	-0,041660
5,4800	0,041716
5,5000	0,013412
5,5200	-0,009720
5,5400	0,038073
5,5600	0,047232
5,5800	0,022552
5,6000	0,131905
5,6200	0,062606
5,6400	0,021091
5,6600	-0,007750
5,6800	-0,026035
5,7000	-0,024211
5,7200	0,073673
5,7400	-0,010422
5,7600	0,086908
5,7800	0,062437
5,8000	-0,026641
5,8200	0,055628
5,8400	-0,058654
5,8600	-0,042283
5,8800	0,046781
5,9000	0,066219
5,9200	0,055510
5,9400	0,136271
5,9600	-0,065206
5,9800	0,024259
6,0000	0,028318
6,0200	-0,141348
6,0400	0,004324
6,0600	0,013622
6,0800	-0,024737
6,1000	0,032612
6,1200	-0,023140
6,1400	0,010225
6,1600	0,021539
6,1800	0,062649
6,2000	-0,046341
6,2200	0,041870
6,2400	-0,032355
6,2600	0,136477
6,2800	-0,011251
6,3000	0,003855
6,3200	0,050880
6,3400	0,077494
6,3600	-0,110373
6,3800	-0,002069
6,4000	-0,085039
6,4200	-0,107930
6,4400	0,038630
6,4600	0,027994
6,4800	0,008780
6,5000	0,047036
6,5200	0,073621
6,5400	0,004559
6,5600	-0,012516
6,5800	-0,035469
6,6000	0,054258
6,6200	0,019381
6,6400	0,000910
6,6600	0,070965
6,6800	0,036808
6,7000	-0,070526
6,7200	0,032362
6,7400	-0,113432
6,7600	-0,031394
6,7800	-0,008413
6,8000	-0,023828
6,8200	-0,099456
6,8400	0,045384
6,8600	-0,034921
6,8800	-0,010924
6,9000	-0,009581
6,9200	-0,176855
6,9400	-0,032411
6,9600	0,009663
6,9800	0,085691
7,0000	-0,018121
7,0200	-0,074562
7,0400	-0,042392
7,0600	0,003465
7,0800	-0,016535
7,1000	-0,062827
7,1200	-0,075511
7,1400	0,046375
7,1600	0,041542
7,1800	-0,010313
7,2000	-0,006270
7,2200	-0,002004
7,2400	-0,030289
7,2600	-0,101372
7,2800	-0,080802
7,3000	-0,029582
7,3200	0,127580
7,3400	-0,061673
7,3600	0,023154
7,3800	-0,095799
7,4000	-0,093385
7,4200	0,039964
7,4400	-0,033109
7,4600	-0,017407
7,4800	-0,009726
7,5000	-0,007068
7,5200	-0,023033
7,5400	0,028154
7,5600	-0,061390
7,5800	-0,057227
7,6000	-0,044195
7,6200	-0,011501
7,6400	-0,061896
7,6600	-0,077322
7,6800	-0,057709
7,7000	-0,012385
7,7200	-0,016413
7,7400	0,025208
7,7600	-0,050068
7,7800	-0,037294
7,8000	-0,014999
7,8200	-0,087300
7,8400	-0,062414
7,8600	-0,083185
7,8800	-0,088209
7,9000	0,060170
7,9200	-0,037464
7,9400	0,035806
7,9600	-0,003209
7,9800	0,033531
8,0000	0,017511
8,0200	-0,020927
8,0400	0,077011
8,0600	0,006177
8,0800	-0,040204
8,1000	0,010532
8,1200	-0,023513
8,1400	-0,032329
8,1600	0,080687
8,1800	0,057686
8,2000	-0,052389
8,2200	-0,033553
8,2400	0,024127
8,2600	0,048832
8,2800	0,014185
8,3000	-0,003634
8,3200	-0,015692
8,3400	0,028750
8,3600	0,062082
8,3800	0,024304
8,4000	0,012279
8,4200	0,023919
8,4400	0,037844
8,4600	0,036049
8,4800	-0,009726
8,5000	-0,041898
8,5200	0,044558
8,5400	0,023760
8,5600	0,047407
8,5800	0,111785
8,6000	0,061637
8,6200	0,134409
8,6400	-0,004134
8,6600	0,076481
8,6800	-0,014104
8,7000	-0,049821
8,7200	0,030736
8,7400	0,035112
8,7600	-0,011051
8,7800	0,033300
8,8000	0,066898
8,8200	-0,042386
8,8400	-0,027896
8,8600	0,013197
8,8800	-0,003133
8,9000	0,010207
8,9200	0,043364
8,9400	0,077230
8,9600	-0,072261
8,9800	0,043883
9,0000	0,052114
9,0200	0,008956
9,0400	0,057617
9,0600	0,041373
9,0800	0,071430
9,1000	-0,016011
9,1200	0,018096
9,1400	-0,028054
9,1600	0,045299
9,1800	0,000702
9,2000	0,014945
9,2200	-0,034246
9,2400	-0,047866
9,2600	-0,025696
9,2800	-0,022617
9,3000	-0,002061
9,3200	0,011544
9,3400	0,022851
9,3600	0,004650
9,3800	0,040448
9,4000	-0,051395
9,4200	0,079234
9,4400	0,019149
9,4600	-0,023627
9,4800	-0,043111
9,5000	0,071808
9,5200	-0,086382
9,5400	-0,012290
9,5600	-0,025484
9,5800	0,077528
9,6000	0,059436
9,6200	0,023685
9,6400	0,038837
9,6600	-0,042538
9,6800	0,041690
9,7000	-0,019007
9,7200	0,000054
9,7400	0,020252
9,7600	0,068901
9,7800	-0,008101
9,8000	0,040410
9,8200	0,022013
9,8400	-0,007549
9,8600	0,034164
9,8800	0,085736
9,9000	0,058300
9,9200	-0,052488
9,9400	-0,023196
9,9600	-0,026203
9,9800	0,018254
10,0000	-0,072274
10,0200	-0,055280
10,0400	-0,047576
10,0600	0,011129
10,0800	-0,018173
10,1000	-0,016774
10,1200	0,055759
10,1400	0,087737
10,1600	-0,106179
10,1800	-0,010379
10,2000	0,089988
10,2200	0,029086
10,2400	0,017632
10,2600	-0,047331
10,2800	0,078180
10,3000	-0,004586
10,3200	0,000842
10,3400	-0,070108
10,3600	0,056965
10,3800	-0,059771
10,4000	0,023403
10,4200	0,059177
10,4400	-0,041371
10,4600	0,008697
10,4800	-0,048159
10,5000	-0,043148
10,5200	0,008758
10,5400	0,003631
10,5600	0,010074
10,5800	-0,024652
10,6000	0,004201
10,6200	-0,076331
10,6400	0,021712
10,6600	-0,016409
10,6800	0,040292
10,7000	0,047634
10,7200	-0,021957
10,7400	-0,105940
10,7600	-0,042868
10,7800	-0,012380
10,8000	-0,003528
10,8200	0,004212
10,8400	0,001937
10,8600	0,053458
10,8800	0,070550
10,9000	-0,040127
10,9200	-0,065461
10,9400	-0,062002
10,9600	0,024110
10,9800	-0,041594
11,0000	0,007551
11,0200	-0,035371
11,0400	-0,020574
11,0600	-0,048696
11,0800	0,059941
11,1000	-0,017705
11,1200	-0,040515
11,1400	-0,000779
11,1600	0,037133
11,1800	-0,023214
11,2000	-0,089633
11,2200	-0,019385
11,2400	-0,071098
11,2600	-0,071443
11,2800	-0,056353
11,3000	-0,028520
11,3200	0,055331
11,3400	-0,007864
11,3600	-0,013194
11,3800	-0,000699
11,4000	0,030564
11,4200	-0,004362
11,4400	0,045076
11,4600	-0,030429
11,4800	0,014403
11,5000	-0,083238
11,5200	-0,019485
11,5400	0,074006
11,5600	-0,009084
11,5800	-0,064631
11,6000	0,053245
11,6200	-0,083722
11,6400	0,020680
11,6600	0,013218
11,6800	0,016090
11,7000	0,064422
11,7200	0,011539
11,7400	-0,026045
11,7600	0,034821
11,7800	-0,073976
11,8000	0,077758
11,8200	-0,047350
11,8400	-0,011319
11,8600	0,000631
11,8800	-0,004035
11,9000	-0,041908
11,9200	-0,068400
11,9400	-0,078476
11,9600	0,015007
11,9800	0,032588
12,0000	0,040097
12,0200	0,011851
12,0400	0,020990
12,0600	0,024611
12,0800	0,011423
12,1000	0,013389
12,1200	0,054214
12,1400	-0,038827
12,1600	0,079463
12,1800	0,016985
12,2000	0,076803
12,2200	0,048246
12,2400	0,059446
12,2600	0,077377
12,2800	-0,076166
12,3000	-0,038586
12,3200	0,044693
12,3400	-0,024255
12,3600	-0,000786
12,3800	-0,004027
12,4000	0,032485
12,4200	0,012483
12,4400	-0,030984
12,4600	-0,051737
12,4800	-0,007192
12,5000	0,048317
12,5200	-0,011568
12,5400	0,036134
12,5600	-0,044477
12,5800	-0,054437
12,6000	0,003656
12,6200	0,057110
12,6400	-0,012130
12,6600	0,085517
12,6800	0,067538
12,7000	0,043608
12,7200	-0,020629
12,7400	0,104342
12,7600	0,027515
12,7800	0,072715
12,8000	-0,012763
12,8200	-0,012219
12,8400	0,028893
12,8600	0,061138
12,8800	-0,010114
12,9000	-0,015261
12,9200	-0,008418
12,9400	0,107873
12,9600	0,007484
12,9800	0,026404
13,0000	0,021809
13,0200	-0,030639
13,0400	0,077084
13,0600	0,010716
13,0800	-0,027273
13,1000	-0,053843
13,1200	-0,008643
13,1400	-0,077781
13,1600	0,066351
13,1800	0,054393
13,2000	0,072731
13,2200	0,023800
13,2400	-0,021457
13,2600	0,008673
13,2800	0,113222
13,3000	-0,004021
13,3200	0,000013
13,3400	-0,022214
13,3600	0,018792
13,3800	0,036262
13,4000	0,017499
13,4200	-0,018898
13,4400	0,020023
13,4600	0,087675
13,4800	0,103592
13,5000	-0,021300
13,5200	-0,085144
13,5400	0,097765
13,5600	0,052551
13,5800	0,050027
13,6000	-0,073350
13,6200	-0,054872
13,6400	0,057902
13,6600	0,087372
13,6800	0,061896
13,7000	0,033022
13,7200	0,010963
13,7400	-0,042225
13,7600	-0,009401
13,7800	0,009418
13,8000	-0,011863
13,8200	-0,044772
13,8400	0,024216
13,8600	0,094832
13,8800	-0,024299
13,9000	-0,011975
13,9200	-0,029288
13,9400	-0,024651
13,9600	0,009877
13,9800	0,055498
14,0000	-0,016051
14,0200	-0,017989
14,0400	-0,006567
14,0600	0,053748
14,0800	0,032067
14,1000	0,144962
14,1200	-0,034905
14,1400	-0,008539
14,1600	-0,003676
14,1800	0,051163
14,2000	0,059721
14,2200	0,008414
14,2400	-0,032837
14,2600	0,015620
14,2800	-0,059899
14,3000	-0,093271
14,3200	-0,079124
14,3400	-0,029629
14,3600	0,004110
14,3800	0,060302
14,4000	0,035401
14,4200	-0,037456
14,4400	-0,149755
14,4600	0,047910
14,4800	-0,043520
14,5000	0,067432
14,5200	0,049126
14,5400	-0,023685
14,5600	0,002673
14,5800	0,022230
14,6000	0,022458
14,6200	-0,042910
14,6400	-0,010582
14,6600	0,071844
14,6800	-0,001935
14,7000	-0,126468
14,7200	0,010524
14,7400	-0,079378
14,7600	-0,067706
14,7800	-0,028874
14,8000	0,038712
14,8200	-0,029176
14,8400	-0,013454
14,8600	-0,013371
14,8800	-0,076174
14,9000	-0,043391
14,9200	0,049961
14,9400	-0,027997
14,9600	-0,066709
14,9800	0,022511
15,0000	0,039557
15,0200	0,020970
15,0400	-0,028067
15,0600	-0,044540
15,0800	-0,056427
15,1000	0,094019
15,1200	-0,038169
15,1400	-0,029730
15,1600	0,004756
15,1800	0,031970
15,2000	-0,012013
15,2200	0,028131
15,2400	-0,034023
15,2600	0,050432
15,2800	-0,014532
15,3000	-0,059500
15,3200	-0,109518
15,3400	0,041268
15,3600	-0,058721
15,3800	0,013931
15,4000	-0,002490
15,4200	0,073926
15,4400	-0,062646
15,4600	0,033218
15,4800	0,106471
15,5000	-0,006221
15,5200	-0,114330
15,5400	-0,025027
15,5600	-0,075511
15,5800	-0,007220
15,6000	0,050553
15,6200	0,021551
15,6400	-0,006011
15,6600	0,004977
15,6800	-0,030718
15,7000	-0,048418
15,7200	-0,064338
15,7400	-0,014338
15,7600	-0,004090
15,7800	0,064170
15,8000	-0,052692
15,8200	-0,062339
15,8400	-0,059998
15,8600	-0,070612
15,8800	0,060331
15,9000	0,028507
15,9200	-0,036252
15,9400	0,096439
15,9600	-0,082167
15,9800	-0,048150
16,0000	-0,000623
16,0200	0,072968
16,0400	0,044490
16,0600	0,013422
16,0800	0,084302
16,1000	-0,006171
16,1200	0,010713
16,1400	0,071663
16,1600	0,009343
16,1800	0,005940
16,2000	0,034510
16,2200	-0,041957
16,2400	0,009921
16,2600	0,005889
16,2800	-0,033005
16,3000	0,035573
16,3200	0,043652
16,3400	-0,035975
16,3600	0,081005
16,3800	-0,005842
16,4000	0,057970
16,4200	-0,002867
16,4400	-0,009645
16,4600	0,008752
16,4800	0,086309
16,5000	0,014273
16,5200	-0,005939
16,5400	0,016159
16,5600	-0,021426
16,5800	-0,003783
16,6000	0,045353
16,6200	0,008307
16,6400	-0,049354
16,6600	-0,045537
16,6800	0,015301
16,7000	0,012063
16,7200	0,092769
16,7400	-0,052715
16,7600	-0,103096
16,7800	-0,060636
16,8000	0,032698
16,8200	0,054671
16,8400	0,103253
16,8600	-0,032398
16,8800	0,010269
16,9000	-0,053978
16,9200	-0,072645
16,9400	-0,049651
16,9600	-0,004985
16,9800	-0,016710
17,0000	-0,057334
17,0200	-0,021809
17,0400	-0,006340
17,0600	-0,039901
17,0800	-0,012252
17,1000	-0,005737
17,1200	0,001611
17,1400	0,062934
17,1600	-0,010271
17,1800	0,024480
17,2000	-0,027224
17,2200	0,133344
17,2400	0,004080
17,2600	0,017718
17,2800	-0,053832
17,3000	0,057262
17,3200	0,014328
17,3400	0,055722
17,3600	0,021252
17,3800	0,022699
17,4000	0,107424
17,4200	0,059563
17,4400	-0,010659
17,4600	0,077287
17,4800	0,017783
17,5000	0,080339
17,5200	-0,000284
17,5400	-0,026785
17,5600	0,037806
17,5800	0,043308
17,6000	0,046719
17,6200	-0,025203
17,6400	0,117908
17,6600	-0,032349
17,6800	-0,000076
17,7000	0,033558
17,7200	0,009217
17,7400	0,010761
17,7600	-0,010037
17,7800	-0,025031
17,8000	-0,009644
17,8200	0,018229
17,8400	0,019933
17,8600	0,024802
17,8800	-0,024580
17,9000	0,032517
17,9200	-0,024165
17,9400	0,046405
17,9600	-0,056519
17,9800	0,073350
18,0000	0,004604
18,0200	0,006501
18,0400	0,036235
18,0600	-0,020572
18,0800	-0,013614
18,1000	0,015011
18,1200	-0,086396
18,1400	-0,053716
18,1600	0,013646
18,1800	0,033023
18,2000	-0,031261
18,2200	0,056675
18,2400	0,003297
18,2600	-0,092989
18,2800	0,074572
18,3000	0,014187
18,3200	0,008449
18,3400	0,019386
18,3600	-0,011917
18,3800	0,034312
18,4000	-0,104411
18,4200	0,035020
18,4400	0,069317
18,4600	-0,029021
18,4800	-0,002563
18,5000	0,022357
18,5200	-0,045276
18,5400	-0,053118
18,5600	-0,025234
18,5800	0,025358
18,6000	0,024326
18,6200	-0,042396
18,6400	0,019094
18,6600	0,026828
18,6800	0,002471
18,7000	0,017790
18,7200	0,034259
18,7400	-0,079719
18,7600	-0,118750
18,7800	-0,041786
18,8000	-0,115521
18,8200	-0,065001
18,8400	-0,007536
18,8600	-0,036372
18,8800	0,008775
18,9000	-0,044617
18,9200	-0,072892
18,9400	-0,010148
18,9600	-0,080818
18,9800	-0,040318
19,0000	0,072295
19,0200	-0,039628
19,0400	-0,030355
19,0600	-0,000041
19,0800	-0,006492
19,1000	-0,097875
19,1200	-0,058726
19,1400	0,015978
19,1600	-0,043457
19,1800	-0,081298
19,2000	-0,106160
19,2200	-0,084944
19,2400	-0,080212
19,2600	-0,079175
19,2800	0,008059
19,3000	-0,018034
19,3200	-0,056183
19,3400	0,012997
19,3600	-0,011109
19,3800	-0,000681
19,4000	0,019158
19,4200	-0,020832
19,4400	0,001133
19,4600	-0,062688
19,4800	-0,026549
19,5000	0,048806
19,5200	-0,008839
19,5400	-0,043900
19,5600	-0,041552
19,5800	-0,050007
19,6000	-0,059903
19,6200	0,007210
19,6400	0,096250
19,6600	0,058069
19,6800	-0,024927
19,7000	0,031632
19,7200	0,021149
19,7400	-0,052778
19,7600	-0,071701
19,7800	0,011967
19,8000	0,024098
19,8200	-0,050055
19,8400	-0,002415
19,8600	-0,000547
19,8800	-0,075070
19,9000	0,022537
19,9200	0,081691
19,9400	-0,073406
19,9600	0,090246
19,9800	0,014062
20,0000	-0,002822
20,0200	0,552689
20,0400	0,484242
20,0600	0,450100
20,0800	0,619747
20,1000	0,603050
20,1200	0,437444
20,1400	0,428275
20,1600	0,511410
20,1800	0,515226
20,2000	0,430102
20,2200	0,442993
20,2400	0,504833
20,2600	0,572109
20,2800	0,490419
20,3000	0,484510
20,3200	0,492732
20,3400	0,482797
20,3600	0,564075
20,3800	0,459375
20,4000	0,585539
20,4200	0,400582
20,4400	0,616305
20,4600	0,515443
20,4800	0,561682
20,5000	0,515016
20,5200	0,582900
20,5400	0,467480
20,5600	0,610171
20,5800	0,533958
20,6000	0,478052
20,6200	0,445508
20,6400	0,546145
20,6600	0,474944
20,6800	0,406495
20,7000	0,563406
20,7200	0,585452
20,7400	0,487170
20,7600	0,593119
20,7800	0,453271
20,8000	0,487285
20,8200	0,483987
20,8400	0,423804
20,8600	0,574499
20,8800	0,407585
20,9000	0,501075
20,9200	0,531739
20,9400	0,533827
20,9600	0,458394
20,9800	0,447681
21,0000	0,599516
21,0200	0,623427
21,0400	0,482133
21,0600	0,527139
21,0800	0,469245
21,1000	0,603069
21,1200	0,468173
21,1400	0,530613
21,1600	0,526029
21,1800	0,497824
21,2000	0,484929
21,2200	0,556995
21,2400	0,553860
21,2600	0,500007
21,2800	0,571991
21,3000	0,509744
21,3200	0,468517
21,3400	0,526555
21,3600	0,553640
21,3800	0,469686
21,4000	0,564933
21,4200	0,556388
21,4400	0,444475
21,4600	0,508708
21,4800	0,541423
21,5000	0,379951
21,5200	0,524841
21,5400	0,430057
21,5600	0,458622
21,5800	0,489028
21,6000	0,574995
21,6200	0,492786
21,6400	0,495478
21,6600	0,563144
21,6800	0,472120
21,7000	0,622186
21,7200	0,527468
21,7400	0,510608
21,7600	0,432314
21,7800	0,433057
21,8000	0,510327
21,8200	0,455662
21,8400	0,492271
21,8600	0,524979
21,8800	0,506593
21,9000	0,480433
21,9200	0,612427
21,9400	0,489939
21,9600	0,481953
21,9800	0,480021
22,0000	0,428841
22,0200	0,416848
22,0400	0,518754
22,0600	0,519333
22,0800	0,420752
22,1000	0,515145
22,1200	0,494249
22,1400	0,443577
22,1600	0,630365
22,1800	0,517052
22,2000	0,475026
22,2200	0,498305
22,2400	0,514819
22,2600	0,463671
22,2800	0,535219
22,3000	0,513164
22,3200	0,439468
22,3400	0,457971
22,3600	0,500665
22,3800	0,395576
22,4000	0,353392
22,4200	0,472960
22,4400	0,497407
22,4600	0,550735
22,4800	0,520951
22,5000	0,406927
22,5200	0,554525
22,5400	0,591791
22,5600	0,380640
22,5800	0,421765
22,6000	0,460033
22,6200	0,406193
22,6400	0,463855
22,6600	0,481271
22,6800	0,533305
22,7000	0,426946
22,7200	0,493209
22,7400	0,487881
22,7600	0,500507
22,7800	0,429891
22,8000	0,497776
22,8200	0,358738
22,8400	0,536148
22,8600	0,443237
22,8800	0,467058
22,9000	0,473051
22,9200	0,524236
22,9400	0,433255
22,9600	0,448933
22,9800	0,470189
23,0000	0,475498
23,0200	0,529770
23,0400	0,475148
23,0600	0,513663
23,0800	0,407350
23,1000	0,457259
23,1200	0,440861
23,1400	0,509959
23,1600	0,412276
23,1800	0,546846
23,2000	0,480121
23,2200	0,522578
23,2400	0,478491
23,2600	0,510410
23,2800	0,442609
23,3000	0,499676
23,3200	0,532930
23,3400	0,552360
23,3600	0,524746
23,3800	0,471680
23,4000	0,591265
23,4200	0,491665
23,4400	0,523391
23,4600	0,553721
23,4800	0,531516
23,5000	0,511058
23,5200	0,451802
23,5400	0,488578
23,5600	0,440855
23,5800	0,493876
23,6000	0,449527
23,6200	0,592000
23,6400	0,548065
23,6600	0,456761
23,6800	0,437994
23,7000	0,531422
23,7200	0,413451
23,7400	0,547551
23,7600	0,547412
23,7800	0,524350
23,8000	0,469792
23,8200	0,383676
23,8400	0,577181
23,8600	0,465243
23,8800	0,369038
23,9000	0,528029
23,9200	0,396115
23,9400	0,518718
23,9600	0,555123
23,9800	0,481656
24,0000	0,461562
24,0200	0,477143
24,0400	0,419130
24,0600	0,457442
24,0800	0,495272
24,1000	0,500102
24,1200	0,544475
24,1400	0,565250
24,1600	0,507797
24,1800	0,483096
24,2000	0,499239
24,2200	0,595169
24,2400	0,465361
24,2600	0,462410
24,2800	0,560684
24,3000	0,472341
24,3200	0,452355
24,3400	0,534256
24,3600	0,531391
24,3800	0,505295
24,4000	0,551931
24,4200	0,603459
24,4400	0,551815
24,4600	0,520000
24,4800	0,613887
24,5000	0,555607
24,5200	0,460457
24,5400	0,488232
24,5600	0,493862
24,5800	0,502722
24,6000	0,464403
24,6200	0,432060
24,6400	0,513992
24,6600	0,541882
24,6800	0,481916
24,7000	0,551482
24,7200	0,562584
24,7400	0,501843
24,7600	0,581934
24,7800	0,541938
24,8000	0,592490
24,8200	0,508235
24,8400	0,535155
24,8600	0,490297
24,8800	0,603069
24,9000	0,554227
24,9200	0,463273
24,9400	0,509650
24,9600	0,469950
24,9800	0,469758
25,0000	0,575096
25,0200	0,550587
25,0400	0,486123
25,0600	0,544550
25,0800	0,571430
25,1000	0,493249
25,1200	0,457363
25,1400	0,604855
25,1600	0,460085
25,1800	0,477095
25,2000	0,554941
25,2200	0,594993
25,2400	0,613313
25,2600	0,621550
25,2800	0,524125
25,3000	0,526377
25,3200	0,510433
25,3400	0,542769
25,3600	0,513952
25,3800	0,462058
25,4000	0,453950
25,4200	0,549266
25,4400	0,585747
25,4600	0,521063
25,4800	0,493048
25,5000	0,418729
25,5200	0,414487
25,5400	0,431135
25,5600	0,570995
25,5800	0,534479
25,6000	0,557362
25,6200	0,556732
25,6400	0,611079
25,6600	0,554484
25,6800	0,508876
25,7000	0,398416
25,7200	0,573097
25,7400	0,489562
25,7600	0,474717
25,7800	0,518110
25,8000	0,576190
25,8200	0,583969
25,8400	0,452670
25,8600	0,433243
25,8800	0,574191
25,9000	0,542799
25,9200	0,453128
25,9400	0,393588
25,9600	0,478148
25,9800	0,448126
26,0000	0,534802
26,0200	0,505965
26,0400	0,624363
26,0600	0,431585
26,0800	0,538603
26,1000	0,511996
26,1200	0,556719
26,1400	0,555325
26,1600	0,491466
26,1800	0,464647
26,2000	0,513340
26,2200	0,446646
26,2400	0,491279
26,2600	0,521787
26,2800	0,476684
26,3000	0,515222
26,3200	0,490876
26,3400	0,303488
26,3600	0,457666
26,3800	0,403504
26,4000	0,460210
26,4200	0,652001
26,4400	0,452851
26,4600	0,488066
26,4800	0,476440
26,5000	0,474802
26,5200	0,500417
26,5400	0,549133
26,5600	0,562845
26,5800	0,504145
26,6000	0,552285
26,6200	0,456547
26,6400	0,449743
26,6600	0,519086
26,6800	0,558626
26,7000	0,448075
26,7200	0,453706
26,7400	0,471895
26,7600	0,408308
26,7800	0,451086
26,8000	0,525766
26,8200	0,549063
26,8400	0,482095
26,8600	0,523868
26,8800	0,501369
26,9000	0,473584
26,9200	0,493979
26,9400	0,466886
26,9600	0,356265
26,9800	0,511184
27,0000	0,475223
27,0200	0,535360
27,0400	0,451466
27,0600	0,491953
27,0800	0,508105
27,1000	0,379468
27,1200	0,531737
27,1400	0,463357
27,1600	0,441235
27,1800	0,520214
27,2000	0,424581
27,2200	0,476230
27,2400	0,518181
27,2600	0,476700
27,2800	0,430381
27,3000	0,522385
27,3200	0,410268
27,3400	0,563300
27,3600	0,437714
27,3800	0,378900
27,4000	0,563766
27,4200	0,510428
27,4400	0,524066
27,4600	0,503404
27,4800	0,464044
27,5000	0,485552
27,5200	0,479815
27,5400	0,520891
27,5600	0,444720
27,5800	0,547210
27,6000	0,545758
27,6200	0,470428
27,6400	0,427678
27,6600	0,511041
27,6800	0,526470
27,7000	0,602584
27,7200	0,442438
27,7400	0,436876
27,7600	0,479829
27,7800	0,494979
27,8000	0,596947
27,8200	0,524024
27,8400	0,475697
27,8600	0,580228
27,8800	0,496688
27,9000	0,523616
27,9200	0,504506
27,9400	0,468118
27,9600	0,526934
27,9800	0,457724
28,0000	0,424408
28,0200	0,470633
28,0400	0,467643
28,0600	0,453285
28,0800	0,551548
28,1000	0,495289
28,1200	0,490173
28,1400	0,509241
28,1600	0,474069
28,1800	0,549571
28,2000	0,440240
28,2200	0,488803
28,2400	0,517248
28,2600	0,549898
28,2800	0,513655
28,3000	0,470553
28,3200	0,503794
28,3400	0,520467
28,3600	0,471634
28,3800	0,451470
28,4000	0,465218
28,4200	0,569886
28,4400	0,469217
28,4600	0,500316
28,4800	0,599915
28,5000	0,509973
28,5200	0,570003
28,5400	0,530136
28,5600	0,522480
28,5800	0,520148
28,6000	0,516675
28,6200	0,504904
28,6400	0,531417
28,6600	0,549247
28,6800	0,644534
28,7000	0,496851
28,7200	0,445696
28,7400	0,480599
28,7600	0,504246
28,7800	0,631812
28,8000	0,577698
28,8200	0,578556
28,8400	0,544548
28,8600	0,505826
28,8800	0,471332
28,9000	0,507591
28,9200	0,617457
28,9400	0,423389
28,9600	0,528905
28,9800	0,622083
29,0000	0,477213
29,0200	0,485553
29,0400	0,514047
29,0600	0,523465
29,0800	0,501548
29,1000	0,463731
29,1200	0,534400
29,1400	0,541114
29,1600	0,529916
29,1800	0,458117
29,2000	0,504279
29,2200	0,551017
29,2400	0,584452
29,2600	0,489344
29,2800	0,509335
29,3000	0,513650
29,3200	0,593268
29,3400	0,538754
29,3600	0,530889
29,3800	0,574667
29,4000	0,497471
29,4200	0,489225
29,4400	0,564595
29,4600	0,527297
29,4800	0,589922
29,5000	0,427906
29,5200	0,550146
29,5400	0,532503
29,5600	0,524791
29,5800	0,477350
29,6000	0,544477
29,6200	0,593571
29,6400	0,400635
29,6600	0,541194
29,6800	0,533812
29,7000	0,489135
29,7200	0,530204
29,7400	0,510029
29,7600	0,544339
29,7800	0,542668
29,8000	0,494088
29,8200	0,557331
29,8400	0,535918
29,8600	0,454966
29,8800	0,429994
29,9000	0,458023
29,9200	0,579192
29,9400	0,548925
29,9600	0,504556
29,9800	0,432099
30,0000	0,463341
30,0200	0,548764
30,0400	0,532029
30,0600	0,493598
30,0800	0,609175
30,1000	0,529604
30,1200	0,399684
30,1400	0,533840
30,1600	0,509314
30,1800	0,479975
30,2000	0,509249
30,2200	0,463863
30,2400	0,438517
30,2600	0,493408
30,2800	0,481948
30,3000	0,557873
30,3200	0,424053
30,3400	0,402730
30,3600	0,533835
30,3800	0,497824
30,4000	0,452433
30,4200	0,371174
30,4400	0,514897
30,4600	0,519878
30,4800	0,532395
30,5000	0,491009
30,5200	0,510987
30,5400	0,519392
30,5600	0,463273
30,5800	0,465535
30,6000	0,560709
30,6200	0,422751
30,6400	0,453304
30,6600	0,412448
30,6800	0,494245
30,7000	0,474991
30,7200	0,489311
30,7400	0,407784
30,7600	0,457516
30,7800	0,449571
30,8000	0,497679
30,8200	0,531000
30,8400	0,486829
30,8600	0,482053
30,8800	0,505558
30,9000	0,498808
30,9200	0,537107
30,9400	0,572470
30,9600	0,566497
30,9800	0,527275
31,0000	0,446064
31,0200	0,388657
31,0400	0,550099
31,0600	0,471903
31,0800	0,532507
31,1000	0,501344
31,1200	0,500637
31,1400	0,552484
31,1600	0,454838
31,1800	0,495402
31,2000	0,524009
31,2200	0,469449
31,2400	0,471985
31,2600	0,503101
31,2800	0,452818
31,3000	0,505596
31,3200	0,511470
31,3400	0,451701
31,3600	0,419469
31,3800	0,514004
31,4000	0,525494
31,4200	0,537830
31,4400	0,503077
31,4600	0,450478
31,4800	0,472448
31,5000	0,495808
31,5200	0,491736
31,5400	0,478851
31,5600	0,466179
31,5800	0,459549
31,6000	0,467068
31,6200	0,401496
31,6400	0,466307
31,6600	0,605398
31,6800	0,545617
31,7000	0,540604
31,7200	0,505020
31,7400	0,456160
31,7600	0,514829
31,7800	0,438105
31,8000	0,539517
31,8200	0,479760
31,8400	0,467459
31,8600	0,477712
31,8800	0,531965
31,9000	0,519295
31,9200	0,437278
31,9400	0,432151
31,9600	0,472154
31,9800	0,555015
32,0000	0,492708
32,0200	0,411029
32,0400	0,505982
32,0600	0,455237
32,0800	0,458298
32,1000	0,527470
32,1200	0,390400
32,1400	0,453563
32,1600	0,480296
32,1800	0,528026
32,2000	0,401265
32,2200	0,443590
32,2400	0,556443
32,2600	0,509576
32,2800	0,515511
32,3000	0,571113
32,3200	0,494390
32,3400	0,587619
32,3600	0,526802
32,3800	0,544939
32,4000	0,468780
32,4200	0,510211
32,4400	0,508326
32,4600	0,527339
32,4800	0,601671
32,5000	0,628612
32,5200	0,554754
32,5400	0,535371
32,5600	0,459281
32,5800	0,527778
32,6000	0,487358
32,6200	0,519488
32,6400	0,468448
32,6600	0,425020
32,6800	0,550787
32,7000	0,530134
32,7200	0,514314
32,7400	0,521407
32,7600	0,461049
32,7800	0,492118
32,8000	0,532104
32,8200	0,527849
32,8400	0,576531
32,8600	0,556986
32,8800	0,593624
32,9000	0,469656
32,9200	0,482383
32,9400	0,601673
32,9600	0,578008
32,9800	0,473458
33,0000	0,546705
33,0200	0,444001
33,0400	0,575514
33,0600	0,492476
33,0800	0,591134
33,1000	0,528271
33,1200	0,480736
33,1400	0,438112
33,1600	0,544817
33,1800	0,617512
33,2000	0,479284
33,2200	0,570268
33,2400	0,498735
33,2600	0,537062
33,2800	0,509081
33,3000	0,581974
33,3200	0,580385
33,3400	0,656145
33,3600	0,540601
33,3800	0,453232
33,4000	0,487120
33,4200	0,568075
33,4400	0,516783
33,4600	0,426089
33,4800	0,492602
33,5000	0,486872
33,5200	0,537333
33,5400	0,504914
33,5600	0,513510
33,5800	0,511774
33,6000	0,499021
33,6200	0,475276
33,6400	0,539177
33,6600	0,502593
33,6800	0,477565
33,7000	0,477200
33,7200	0,504398
33,7400	0,526651
33,7600	0,531102
33,7800	0,541796
33,8000	0,468878
33,8200	0,464213
33,8400	0,509582
33,8600	0,470260
33,8800	0,573250
33,9000	0,476212
33,9200	0,484983
33,9400	0,399538
33,9600	0,477288
33,9800	0,511105
34,0000	0,448136
34,0200	0,501201
34,0400	0,448122
34,0600	0,518473
34,0800	0,464104
34,1000	0,490446
34,1200	0,523736
34,1400	0,452429
34,1600	0,594356
34,1800	0,426978
34,2000	0,446196
34,2200	0,456745
34,2400	0,505786
34,2600	0,444840
34,2800	0,535613
34,3000	0,542629
34,3200	0,382196
34,3400	0,462248
34,3600	0,417427
34,3800	0,522753
34,4000	0,557090
34,4200	0,516355
34,4400	0,491628
34,4600	0,517875
34,4800	0,521990
34,5000	0,452288
34,5200	0,482174
34,5400	0,499245
34,5600	0,527013
34,5800	0,524166
34,6000	0,512999
34,6200	0,468002
34,6400	0,403028
34,6600	0,441948
34,6800	0,558198
34,7000	0,597145
34,7200	0,580437
34,7400	0,433878
34,7600	0,415783
34,7800	0,610756
34,8000	0,481233
34,8200	0,441798
34,8400	0,377048
34,8600	0,476542
34,8800	0,547352
34,9000	0,478189
34,9200	0,454044
34,9400	0,400822
34,9600	0,471744
34,9800	0,432122
35,0000	0,473598
35,0200	0,518214
35,0400	0,525120
35,0600	0,465580
35,0800	0,423138
35,1000	0,435847
35,1200	0,456004
35,1400	0,453209
35,1600	0,485668
35,1800	0,471030
35,2000	0,467242
35,2200	0,470022
35,2400	0,477720
35,2600	0,573423
35,2800	0,372459
35,3000	0,564087
35,3200	0,470273
35,3400	0,505666
35,3600	0,482798
35,3800	0,383159
35,4000	0,508542
35,4200	0,501826
35,4400	0,499136
35,4600	0,460534
35,4800	0,486183
35,5000	0,547746
35,5200	0,538605
35,5400	0,440526
35,5600	0,470243
35,5800	0,379362
35,6000	0,454513
35,6200	0,418856
35,6400	0,486625
35,6600	0,531103
35,6800	0,487878
35,7000	0,470401
35,7200	0,527201
35,7400	0,430037
35,7600	0,537817
35,7800	0,465753
35,8000	0,494776
35,8200	0,526641
35,8400	0,481344
35,8600	0,490820
35,8800	0,439269
35,9000	0,630104
35,9200	0,561467
35,9400	0,476371
35,9600	0,591552
35,9800	0,568647
36,0000	0,531057
36,0200	0,525568
36,0400	0,483683
36,0600	0,498057
36,0800	0,472113
36,1000	0,448873
36,1200	0,449852
36,1400	0,504493
36,1600	0,524267
36,1800	0,571604
36,2000	0,537710
36,2200	0,522057
36,2400	0,554599
36,2600	0,598835
36,2800	0,434288
36,3000	0,542762
36,3200	0,416879
36,3400	0,580739
36,3600	0,484231
36,3800	0,554248
36,4000	0,549953
36,4200	0,452292
36,4400	0,513720
36,4600	0,521032
36,4800	0,430207
36,5000	0,543846
36,5200	0,545636
36,5400	0,504557
36,5600	0,449736
36,5800	0,558108
36,6000	0,523024
36,6200	0,452062
36,6400	0,535557
36,6600	0,497952
36,6800	0,536464
36,7000	0,592075
36,7200	0,473944
36,7400	0,531798
36,7600	0,558831
36,7800	0,397801
36,8000	0,574258
36,8200	0,485566
36,8400	0,504030
36,8600	0,494929
36,8800	0,497384
36,9000	0,471625
36,9200	0,490042
36,9400	0,546156
36,9600	0,576459
36,9800	0,541348
37,0000	0,503942
37,0200	0,516274
37,0400	0,471051
37,0600	0,590187
37,0800	0,451402
37,1000	0,498409
37,1200	0,577878
37,1400	0,550443
37,1600	0,528716
37,1800	0,529081
37,2000	0,471726
37,2200	0,533065
37,2400	0,456199
37,2600	0,524687
37,2800	0,513157
37,3000	0,545450
37,3200	0,544107
37,3400	0,503836
37,3600	0,546275
37,3800	0,435648
37,4000	0,465575
37,4200	0,609191
37,4400	0,533302
37,4600	0,453253
37,4800	0,524495
37,5000	0,523742
37,5200	0,554730
37,5400	0,482300
37,5600	0,506915
37,5800	0,495240
37,6000	0,447411
37,6200	0,543057
37,6400	0,508200
37,6600	0,514406
37,6800	0,501092
37,7000	0,496398
37,7200	0,526095
37,7400	0,555580
37,7600	0,510751
37,7800	0,471980
37,8000	0,524503
37,8200	0,447942
37,8400	0,529469
37,8600	0,499815
37,8800	0,492832
37,9000	0,543874
37,9200	0,494304
37,9400	0,547844
37,9600	0,431551
37,9800	0,487850
38,0000	0,477475
38,0200	0,559859
38,0400	0,630210
38,0600	0,567439
38,0800	0,425245
38,1000	0,569730
38,1200	0,529620
38,1400	0,438569
38,1600	0,461013
38,1800	0,579632
38,2000	0,409879
38,2200	0,494657
38,2400	0,509191
38,2600	0,410694
38,2800	0,513229
38,3000	0,475914
38,3200	0,446585
38,3400	0,498200
38,3600	0,422455
38,3800	0,436718
38,4000	0,445372
38,4200	0,492490
38,4400	0,492693
38,4600	0,525630
38,4800	0,497289
38,5000	0,450439
38,5200	0,534804
38,5400	0,427941
38,5600	0,479615
38,5800	0,483635
38,6000	0,485145
38,6200	0,569189
38,6400	0,484352
38,6600	0,492507
38,6800	0,510607
38,7000	0,488428
38,7200	0,497479
38,7400	0,421124
38,7600	0,593709
38,7800	0,511215
38,8000	0,500584
38,8200	0,427235
38,8400	0,488250
38,8600	0,505032
38,8800	0,434400
38,9000	0,437577
38,9200	0,514720
38,9400	0,491342
38,9600	0,402333
38,9800	0,556109
39,0000	0,489499
39,0200	0,491086
39,0400	0,466465
39,0600	0,518041
39,0800	0,570987
39,1000	0,510668
39,1200	0,445582
39,1400	0,509904
39,1600	0,449093
39,1800	0,547592
39,2000	0,519576
39,2200	0,505463
39,2400	0,464997
39,2600	0,590714
39,2800	0,523722
39,3000	0,425661
39,3200	0,495615
39,3400	0,434530
39,3600	0,546763
39,3800	0,480089
39,4000	0,424456
39,4200	0,413368
39,4400	0,504096
39,4600	0,444037
39,4800	0,528257
39,5000	0,462830
39,5200	0,537806
39,5400	0,486278
39,5600	0,469141
39,5800	0,455980
39,6000	0,553243
39,6200	0,520798
39,6400	0,535024
39,6600	0,480534
39,6800	0,438807
39,7000	0,473021
39,7200	0,479491
39,7400	0,409759
39,7600	0,485623
39,7800	0,440750
39,8000	0,462677
39,8200	0,494956
39,8400	0,522332
39,8600	0,472917
39,8800	0,509416
39,9000	0,533521
39,9200	0,468588
39,9400	0,460243
39,9600	0,440658
39,9800	0,552875
40,0000	-0,035828
40,0200	0,020143
40,0400	0,023351
40,0600	0,091455
40,0800	-0,071605
40,1000	-0,014876
40,1200	-0,033865
40,1400	-0,037302
40,1600	0,074909
40,1800	-0,054162
40,2000	0,011140
40,2200	0,056967
40,2400	0,036329
40,2600	-0,017406
40,2800	0,055135
40,3000	-0,034028
40,3200	0,021213
40,3400	0,004268
40,3600	-0,061196
40,3800	-0,031836
40,4000	-0,084633
40,4200	0,039983
40,4400	0,038409
40,4600	0,077032
40,4800	-0,017113
40,5000	0,005715
40,5200	-0,023577
40,5400	0,085676
40,5600	0,041297
40,5800	0,065286
40,6000	-0,007800
40,6200	0,027018
40,6400	0,001590
40,6600	-0,008010
40,6800	-0,092956
40,7000	0,120797
40,7200	0,006749
40,7400	-0,030024
40,7600	0,131243
40,7800	-0,069581
40,8000	0,036835
40,8200	-0,016876
40,8400	0,081739
40,8600	0,034821
40,8800	0,017405
40,9000	-0,080852
40,9200	0,047691
40,9400	-0,047175
40,9600	-0,014890
40,9800	0,012321
41,0000	0,014865
41,0200	0,023853
41,0400	-0,004328
41,0600	0,048388
41,0800	0,094104
41,1000	0,039401
41,1200	0,053503
41,1400	-0,063313
41,1600	0,017210
41,1800	-0,014372
41,2000	0,129087
41,2200	0,090416
41,2400	0,041378
41,2600	0,022852
41,2800	-0,003072
41,3000	0,052724
41,3200	0,061065
41,3400	-0,014247
41,3600	0,078197
41,3800	-0,018803
41,4000	-0,005751
41,4200	-0,046421
41,4400	-0,085080
41,4600	-0,030894
41,4800	-0,042588
41,5000	0,055646
41,5200	0,046628
41,5400	-0,033008
41,5600	0,029064
41,5800	0,100460
41,6000	-0,071665
41,6200	0,089016
41,6400	0,055679
41,6600	0,044835
41,6800	0,044651
41,7000	0,076867
41,7200	-0,089496
41,7400	-0,089307
41,7600	-0,050690
41,7800	-0,062069
41,8000	-0,024719
41,8200	-0,047724
41,8400	-0,014856
41,8600	-0,053211
41,8800	0,002513
41,9000	-0,054404
41,9200	0,005739
41,9400	0,023442
41,9600	-0,006585
41,9800	0,050027
42,0000	-0,063406
42,0200	-0,049823
42,0400	-0,073279
42,0600	-0,003159
42,0800	-0,008999
42,1000	-0,047665
42,1200	0,091235
42,1400	-0,046885
42,1600	0,015706
42,1800	0,008024
42,2000	-0,026744
42,2200	0,014462
42,2400	0,050537
42,2600	-0,058204
42,2800	-0,032097
42,3000	-0,015054
42,3200	-0,018684
42,3400	-0,063288
42,3600	0,029976
42,3800	-0,009645
42,4000	0,044781
42,4200	-0,083965
42,4400	0,114089
42,4600	0,054402
42,4800	-0,014937
42,5000	-0,112177
42,5200	-0,042004
42,5400	-0,019366
42,5600	0,053942
42,5800	0,032342
42,6000	0,008165
42,6200	-0,042508
42,6400	-0,073874
42,6600	-0,036892
42,6800	0,037273
42,7000	0,032707
42,7200	-0,013940
42,7400	-0,011584
42,7600	-0,054337
42,7800	-0,039362
42,8000	0,024948
42,8200	0,035294
42,8400	0,047233
42,8600	0,003685
42,8800	-0,016856
42,9000	-0,102042
42,9200	0,002750
42,9400	-0,049941
42,9600	-0,030544
42,9800	-0,116824
43,0000	-0,038365
43,0200	-0,024682
43,0400	0,037112
43,0600	-0,040704
43,0800	-0,119627
43,1000	-0,017736
43,1200	-0,016647
43,1400	0,023061
43,1600	-0,051742
43,1800	0,006207
43,2000	-0,180275
43,2200	-0,072919
43,2400	-0,018916
43,2600	-0,073686
43,2800	0,011345
43,3000	-0,023465
43,3200	-0,021209
43,3400	0,052916
43,3600	-0,021187
43,3800	-0,078925
43,4000	0,046313
43,4200	0,020441
43,4400	-0,056461
43,4600	-0,033965
43,4800	-0,055514
43,5000	-0,037699
43,5200	0,071157
43,5400	-0,052662
43,5600	-0,088106
43,5800	-0,013590
43,6000	-0,024544
43,6200	0,032432
43,6400	-0,025145
43,6600	0,045121
43,6800	-0,100852
43,7000	0,024609
43,7200	-0,011470
43,7400	-0,036507
43,7600	-0,033436
43,7800	0,040292
43,8000	0,069675
43,8200	0,068597
43,8400	-0,039962
43,8600	-0,026956
43,8800	-0,015754
43,9000	0,032729
43,9200	-0,007326
43,9400	-0,008922
43,9600	-0,041750
43,9800	-0,062417
44,0000	-0,084065
44,0200	0,067266
44,0400	0,089376
44,0600	-0,016479
44,0800	-0,042829
44,1000	0,070728
44,1200	0,005868
44,1400	0,040364
44,1600	-0,021880
44,1800	-0,033632
44,2000	-0,039289
44,2200	-0,016110
44,2400	-0,056790
44,2600	0,008999
44,2800	0,030884
44,3000	0,040443
44,3200	-0,004478
44,3400	0,067631
44,3600	-0,031956
44,3800	-0,070457
44,4000	0,001857
44,4200	0,019439
44,4400	-0,021399
44,4600	0,012074
44,4800	-0,135566
44,5000	-0,039203
44,5200	-0,034521
44,5400	-0,007477
44,5600	0,034554
44,5800	-0,014351
44,6000	-0,067499
44,6200	0,137311
44,6400	0,002537
44,6600	-0,059649
44,6800	0,013306
44,7000	-0,036066
44,7200	0,031077
44,7400	0,064986
44,7600	0,057587
44,7800	0,020613
44,8000	0,054871
44,8200	-0,002668
44,8400	0,068537
44,8600	0,031089
44,8800	-0,039481
44,9000	-0,020667
44,9200	0,107600
44,9400	-0,046396
44,9600	0,041744
44,9800	0,074868
45,0000	0,033558
45,0200	0,014672
45,0400	0,030994
45,0600	-0,007798
45,0800	-0,025105
45,1000	0,023071
45,1200	-0,003633
45,1400	0,065127
45,1600	-0,052956
45,1800	0,088325
45,2000	0,016919
45,2200	0,072790
45,2400	0,038843
45,2600	0,063569
45,2800	-0,027655
45,3000	-0,024522
45,3200	0,058101
45,3400	0,087311
45,3600	0,015222
45,3800	-0,008211
45,4000	-0,057053
45,4200	0,024040
45,4400	-0,014685
45,4600	0,066263
45,4800	0,089250
45,5000	0,044454
45,5200	0,042757
45,5400	-0,067335
45,5600	0,009419
45,5800	0,050149
45,6000	-0,048475
45,6200	0,022461
45,6400	0,045994
45,6600	-0,034147
45,6800	-0,050472
45,7000	0,021818
45,7200	-0,023146
45,7400	0,079942
45,7600	-0,033335
45,7800	0,095833
45,8000	-0,076853
45,8200	0,106227
45,8400	0,047231
45,8600	0,009145
45,8800	0,068571
45,9000	0,082501
45,9200	0,016308
45,9400	0,033454
45,9600	-0,032138
45,9800	-0,000704
46,0000	0,020624
46,0200	0,042683
46,0400	-0,039946
46,0600	-0,043956
46,0800	0,042798
46,1000	-0,023133
46,1200	0,023134
46,1400	-0,001017
46,1600	0,065240
46,1800	0,032651
46,2000	-0,023728
46,2200	-0,066432
46,2400	0,033491
46,2600	-0,048029
46,2800	0,027416
46,3000	-0,116514
46,3200	0,005715
46,3400	0,021817
46,3600	0,064472
46,3800	-0,001992
46,4000	0,037228
46,4200	-0,034761
46,4400	0,041652
46,4600	-0,111014
46,4800	-0,047490
46,5000	-0,042298
46,5200	0,055512
46,5400	0,024430
46,5600	-0,011553
46,5800	-0,003766
46,6000	-0,050089
46,6200	-0,011990
46,6400	-0,093162
46,6600	-0,097470
46,6800	-0,080274
46,7000	-0,085594
46,7200	-0,086970
46,7400	0,003229
46,7600	-0,003976
46,7800	0,042905
46,8000	-0,007455
46,8200	0,020669
46,8400	-0,061886
46,8600	-0,079542
46,8800	-0,092907
46,9000	-0,037663
46,9200	0,032012
46,9400	-0,104781
46,9600	-0,024261
46,9800	-0,016508
47,0000	-0,004599
47,0200	-0,014515
47,0400	-0,078640
47,0600	-0,023333
47,0800	-0,088610
47,1000	0,054375
47,1200	-0,103729
47,1400	0,014503
47,1600	-0,019921
47,1800	-0,046331
47,2000	-0,029808
47,2200	-0,086069
47,2400	0,002029
47,2600	-0,034487
47,2800	0,001579
47,3000	-0,000157
47,3200	0,053873
47,3400	-0,015651
47,3600	-0,064955
47,3800	0,069104
47,4000	0,081215
47,4200	0,102694
47,4400	0,002580
47,4600	-0,019272
47,4800	-0,053744
47,5000	-0,005609
47,5200	0,053477
47,5400	-0,018790
47,5600	-0,027896
47,5800	-0,014579
47,6000	-0,110651
47,6200	0,066129
47,6400	-0,009885
47,6600	0,042818
47,6800	-0,050682
47,7000	-0,086435
47,7200	0,050577
47,7400	-0,018602
47,7600	0,047871
47,7800	-0,046765
47,8000	-0,012286
47,8200	-0,022745
47,8400	-0,003915
47,8600	0,060779
47,8800	0,034574
47,9000	0,052870
47,9200	-0,010830
47,9400	0,048233
47,9600	0,001269
47,9800	0,026933
48,0000	0,019777
48,0200	0,003574
48,0400	0,000429
48,0600	0,054388
48,0800	-0,028601
48,1000	0,060081
48,1200	0,039114
48,1400	-0,012449
48,1600	0,022172
48,1800	0,026492
48,2000	0,062776
48,2200	0,031215
48,2400	0,044617
48,2600	0,042133
48,2800	0,108717
48,3000	0,019095
48,3200	-0,037003
48,3400	0,081129
48,3600	0,068046
48,3800	0,018905
48,4000	0,007947
48,4200	0,018919
48,4400	0,075213
48,4600	0,064164
48,4800	0,043739
48,5000	0,075388
48,5200	-0,041485
48,5400	0,010799
48,5600	-0,006181
48,5800	-0,066078
48,6000	0,047471
48,6200	-0,082899
48,6400	0,088122
48,6600	0,063922
48,6800	0,012683
48,7000	-0,065560
48,7200	0,069557
48,7400	-0,044330
48,7600	-0,027801
48,7800	0,047783
48,8000	0,115170
48,8200	-0,052398
48,8400	0,063097
48,8600	0,030055
48,8800	0,011128
48,9000	0,073601
48,9200	0,120997
48,9400	0,006049
48,9600	0,080379
48,9800	-0,023816
49,0000	0,012565
49,0200	0,005446
49,0400	-0,103053
49,0600	0,064316
49,0800	0,024179
49,1000	0,058486
49,1200	-0,054486
49,1400	-0,005338
49,1600	0,051962
49,1800	0,004740
49,2000	0,042403
49,2200	0,010681
49,2400	-0,069026
49,2600	0,027738
49,2800	0,068055
49,3000	-0,030872
49,3200	0,055239
49,3400	0,105457
49,3600	0,069333
49,3800	0,036643
49,4000	-0,025814
49,4200	-0,023971
49,4400	0,030443
49,4600	0,027553
49,4800	-0,047915
49,5000	0,124357
49,5200	-0,104553
49,5400	-0,014607
49,5600	-0,008888
49,5800	-0,036571
49,6000	0,030280
49,6200	0,018817
49,6400	0,026052
49,6600	0,094943
49,6800	0,002102
49,7000	-0,012969
49,7200	-0,002330
49,7400	-0,070681
49,7600	-0,014254
49,7800	-0,005240
49,8000	0,014888
49,8200	0,036394
49,8400	-0,024189
49,8600	0,040356
49,8800	0,011756
49,9000	-0,051228
49,9200	-0,047052
49,9400	-0,055625
49,9600	0,044630
49,9800	-0,062023
50,0000	-0,091377
50,0200	-0,066045
50,0400	0,071074
50,0600	-0,033350
50,0800	-0,024714
50,1000	0,006982
50,1200	-0,019732
50,1400	0,070974
50,1600	-0,015041
50,1800	0,009803
50,2000	-0,081150
50,2200	-0,010563
50,2400	-0,041756
50,2600	0,053696
50,2800	0,004183
50,3000	-0,041188
50,3200	-0,036336
50,3400	0,031337
50,3600	-0,071871
50,3800	0,005603
50,4000	0,063120
50,4200	-0,037888
50,4400	0,084190
50,4600	0,023404
50,4800	0,013677
50,5000	-0,037566
50,5200	-0,063753
50,5400	-0,067464
50,5600	-0,029747
50,5800	-0,113363
50,6000	-0,065802
50,6200	0,058774
50,6400	-0,088591
50,6600	0,006520
50,6800	-0,066862
50,7000	-0,030231
50,7200	0,011332
50,7400	0,076252
50,7600	-0,029523
50,7800	-0,071453
50,8000	-0,037165
50,8200	-0,012085
50,8400	-0,099185
50,8600	-0,031328
50,8800	0,040964
50,9000	-0,046568
50,9200	-0,084395
50,9400	-0,089484
50,9600	-0,075465
50,9800	-0,031756
51,0000	0,074729
51,0200	0,039219
51,0400	0,005683
51,0600	-0,096750
51,0800	-0,033576
51,1000	0,014025
51,1200	-0,039074
51,1400	0,049287
51,1600	0,004842
51,1800	-0,017044
51,2000	-0,004309
51,2200	0,013466
51,2400	0,005230
51,2600	-0,040653
51,2800	0,005592
51,3000	-0,080968
51,3200	-0,043451
51,3400	-0,002846
51,3600	0,029798
51,3800	-0,039637
51,4000	0,003211
51,4200	-0,057726
51,4400	0,037299
51,4600	-0,015339
51,4800	0,024161
51,5000	-0,095752
51,5200	-0,083852
51,5400	-0,017710
51,5600	0,001610
51,5800	0,000190
51,6000	-0,013546
51,6200	-0,060796
51,6400	-0,127646
51,6600	-0,052427
51,6800	-0,075506
51,7000	0,008398
51,7200	0,000045
51,7400	-0,048024
51,7600	-0,107317
51,7800	0,010243
51,8000	-0,000184
51,8200	0,025915
51,8400	0,022530
51,8600	-0,077874
51,8800	0,092445
51,9000	-0,109072
51,9200	-0,023727
51,9400	-0,042783
51,9600	-0,067764
51,9800	-0,072696
52,0000	-0,047180
52,0200	-0,015409
52,0400	-0,010523
52,0600	-0,056750
52,0800	-0,020911
52,1000	0,053694
52,1200	0,056881
52,1400	-0,024187
52,1600	0,029763
52,1800	0,027451
52,2000	-0,073345
52,2200	0,058012
52,2400	-0,081395
52,2600	-0,072988
52,2800	-0,062247
52,3000	-0,048954
52,3200	-0,002586
52,3400	0,006387
52,3600	0,033159
52,3800	0,034904
52,4000	0,111361
52,4200	0,040759
52,4400	-0,042269
52,4600	0,041580
52,4800	-0,106356
52,5000	0,031101
52,5200	0,085878
52,5400	0,060574
52,5600	0,053121
52,5800	-0,001038
52,6000	0,029846
52,6200	0,124275
52,6400	0,062078
52,6600	0,083094
52,6800	-0,071871
52,7000	0,055096
52,7200	0,054508
52,7400	0,131896
52,7600	0,018966
52,7800	0,016610
52,8000	-0,029470
52,8200	-0,012066
52,8400	0,030816
52,8600	0,093955
52,8800	0,059226
52,9000	0,066972
52,9200	0,070338
52,9400	0,051521
52,9600	0,017710
52,9800	0,020069
53,0000	0,096813
53,0200	0,065064
53,0400	0,089021
53,0600	-0,000418
53,0800	0,060659
53,1000	0,051580
53,1200	0,012486
53,1400	-0,069350
53,1600	0,064455
53,1800	0,119513
53,2000	0,038126
53,2200	-0,101370
53,2400	0,080023
53,2600	0,003031
53,2800	0,078469
53,3000	0,115801
53,3200	0,114629
53,3400	0,083231
53,3600	0,005437
53,3800	0,018431
53,4000	0,031517
53,4200	0,059027
53,4400	-0,052885
53,4600	-0,069821
53,4800	-0,049079
53,5000	0,046761
53,5200	0,057602
53,5400	0,067867
53,5600	0,014394
53,5800	0,076811
53,6000	0,030651
53,6200	-0,032277
53,6400	0,020235
53,6600	0,055380
53,6800	-0,012423
53,7000	-0,010734
53,7200	-0,017138
53,7400	-0,004714
53,7600	-0,001376
53,7800	0,058431
53,8000	-0,014466
53,8200	0,021951
53,8400	-0,070896
53,8600	-0,010622
53,8800	0,097350
53,9000	0,025489
53,9200	0,041476
53,9400	-0,016770
53,9600	0,099175
53,9800	-0,050850
54,0000	-0,052644
54,0200	0,002136
54,0400	-0,055920
54,0600	-0,084601
54,0800	0,116111
54,1000	0,006476
54,1200	0,007641
54,1400	0,069000
54,1600	0,054963
54,1800	-0,053236
54,2000	-0,027517
54,2200	0,110049
54,2400	-0,017579
54,2600	-0,005539
54,2800	-0,084835
54,3000	0,001449
54,3200	-0,008563
54,3400	0,092595
54,3600	-0,107973
54,3800	-0,043031
54,4000	-0,016787
54,4200	0,028710
54,4400	-0,005564
54,4600	0,069791
54,4800	-0,073538
54,5000	-0,034694
54,5200	0,063933
54,5400	-0,032117
54,5600	-0,065999
54,5800	-0,044502
54,6000	0,017326
54,6200	0,023331
54,6400	-0,027288
54,6600	0,010824
54,6800	0,040283
54,7000	-0,025096
54,7200	-0,018468
54,7400	-0,111243
54,7600	0,063557
54,7800	-0,067692
54,8000	0,021795
54,8200	-0,075082
54,8400	-0,112687
54,8600	-0,055883
54,8800	-0,028275
54,9000	-0,088028
54,9200	-0,040861
54,9400	0,023975
54,9600	-0,062110
54,9800	-0,073603
55,0000	-0,063318
55,0200	0,012017
55,0400	-0,048490
55,0600	0,016437
55,0800	0,040671
55,1000	0,015784
55,1200	0,014469
55,1400	-0,014409
55,1600	-0,017183
55,1800	-0,011552
55,2000	-0,009434
55,2200	0,022001
55,2400	-0,044803
55,2600	-0,034192
55,2800	-0,099215
55,3000	0,031187
55,3200	0,030974
55,3400	0,029399
55,3600	-0,016964
55,3800	-0,043703
55,4000	0,007916
55,4200	0,048443
55,4400	-0,108815
55,4600	-0,024083
55,4800	0,008670
55,5000	-0,041193
55,5200	0,007909
55,5400	-0,035717
55,5600	0,115679
55,5800	-0,047450
55,6000	0,001654
55,6200	-0,019028
55,6400	-0,095179
55,6600	0,019631
55,6800	-0,087543
55,7000	-0,053099
55,7200	0,082476
55,7400	0,045450
55,7600	0,010665
55,7800	-0,052867
55,8000	0,008086
55,8200	-0,002686
55,8400	0,059518
55,8600	0,041265
55,8800	0,056760
55,9000	-0,024618
55,9200	-0,032349
55,9400	-0,058142
55,9600	0,059915
55,9800	0,048487
56,0000	-0,029935
56,0200	-0,120083
56,0400	0,034243
56,0600	-0,028385
56,0800	-0,056785
56,1000	0,054527
56,1200	0,047086
56,1400	-0,032957
56,1600	-0,013359
56,1800	-0,038641
56,2000	-0,010234
56,2200	-0,043551
56,2400	0,055677
56,2600	-0,005601
56,2800	0,016707
56,3000	0,089074
56,3200	0,078536
56,3400	0,000589
56,3600	0,063784
56,3800	-0,043273
56,4000	-0,018165
56,4200	0,016944
56,4400	-0,093694
56,4600	0,024554
56,4800	-0,037817
56,5000	0,125527
56,5200	-0,060228
56,5400	-0,034617
56,5600	0,026742
56,5800	0,029513
56,6000	-0,014361
56,6200	-0,022832
56,6400	0,067506
56,6600	0,037732
56,6800	-0,015769
56,7000	0,041568
56,7200	0,026245
56,7400	-0,054522
56,7600	-0,018639
56,7800	0,068009
56,8000	0,033372
56,8200	0,011563
56,8400	-0,067093
56,8600	0,061361
56,8800	-0,073371
56,9000	0,002231
56,9200	0,116102
56,9400	-0,015131
56,9600	-0,039464
56,9800	-0,060701
57,0000	0,037392
57,0200	0,109144
57,0400	-0,056547
57,0600	-0,010708
57,0800	0,011946
57,1000	-0,010255
57,1200	0,036032
57,1400	0,100706
57,1600	-0,089671
57,1800	-0,022499
57,2000	0,021930
57,2200	0,101204
57,2400	-0,006663
57,2600	-0,028589
57,2800	0,038342
57,3000	0,025811
57,3200	0,046293
57,3400	0,063354
57,3600	0,050931
57,3800	0,137332
57,4000	-0,022052
57,4200	0,021814
57,4400	0,050960
57,4600	0,031532
57,4800	-0,059402
57,5000	-0,013169
57,5200	-0,120621
57,5400	-0,033844
57,5600	0,096822
57,5800	0,034115
57,6000	0,010873
57,6200	0,026298
57,6400	0,038156
57,6600	0,018568
57,6800	-0,017872
57,7000	-0,031907
57,7200	0,007618
57,7400	-0,001375
57,7600	-0,054645
57,7800	0,017855
57,8000	-0,075421
57,8200	0,008828
57,8400	-0,009150
57,8600	0,062114
57,8800	-0,001500
57,9000	0,122182
57,9200	0,041915
57,9400	-0,044632
57,9600	-0,041853
57,9800	0,044329
58,0000	-0,024784
58,0200	-0,000300
58,0400	-0,004143
58,0600	0,025744
58,0800	-0,087845
58,1000	-0,024847
58,1200	-0,065718
58,1400	0,055276
58,1600	-0,037094
58,1800	-0,072713
58,2000	0,058651
58,2200	-0,070883
58,2400	-0,045264
58,2600	-0,006334
58,2800	-0,080478
58,3000	0,092841
58,3200	-0,036818
58,3400	-0,002175
58,3600	-0,089718
58,3800	0,009991
58,4000	0,030711
58,4200	0,006316
58,4400	-0,122442
58,4600	-0,066716
58,4800	-0,029016
58,5000	-0,021097
58,5200	-0,053017
58,5400	-0,052800
58,5600	-0,015698
58,5800	-0,020322
58,6000	0,144277
58,6200	-0,021240
58,6400	0,051509
58,6600	-0,009074
58,6800	-0,145325
58,7000	0,013596
58,7200	-0,097673
58,7400	-0,046869
58,7600	-0,017478
58,7800	0,012752
58,8000	-0,011836
58,8200	0,011508
58,8400	-0,005000
58,8600	-0,053192
58,8800	0,036725
58,9000	-0,034628
58,9200	0,013250
58,9400	-0,074657
58,9600	-0,044294
58,9800	-0,065246
59,0000	-0,036838
59,0200	0,031043
59,0400	-0,117659
59,0600	-0,045105
59,0800	-0,040216
59,1000	0,024186
59,1200	-0,029815
59,1400	0,006830
59,1600	0,019692
59,1800	-0,038731
59,2000	-0,026003
59,2200	0,007616
59,2400	0,052988
59,2600	-0,051260
59,2800	-0,056749
59,3000	-0,065767
59,3200	-0,061471
59,3400	-0,117444
59,3600	0,047278
59,3800	-0,044449
59,4000	-0,040606
59,4200	-0,029527
59,4400	-0,056724
59,4600	-0,110881
59,4800	0,011614
59,5000	-0,071661
59,5200	0,044574
59,5400	-0,110928
59,5600	-0,016069
59,5800	-0,091126
59,6000	-0,011060
59,6200	-0,047948
59,6400	0,029352
59,6600	0,013669
59,6800	0,042977
59,7000	0,040416
59,7200	-0,034153
59,7400	-0,033966
59,7600	0,013248
59,7800	0,052445
59,8000	0,023336
59,8200	0,010528
59,8400	-0,058865
59,8600	-0,013445
59,8800	0,020193
59,9000	0,025280
59,9200	0,025024
59,9400	-0,023453
59,9600	0,065676
59,9800	0,018955
