-0,014270	-1,87922668457031
0,001603	-1,8791332244873
0,017610	-1,87904024124146
0,033648	-1,87895059585571
0,049817	-1,87887144088745
0,081634	-1,87880301475525
0,097663	-1,878741979599
0,113758	-1,87868094444275
0,129664	-1,87861013412476
0,145656	-1,87853074073792
0,161673	-1,87844944000244
0,177638	-1,87835478782654
0,193640	-1,87825918197632
0,211260	-1,87816953659058
0,241816	-1,87807726860046
0,257845	-1,87799525260925
0,273464	-1,8779444694519
0,287733	-1,87791752815247
0,304794	-1,87791967391968
0,320611	-1,87796187400818
0,336612	-1,87801456451416
0,354208	-1,87807726860046
0,384611	-1,8781476020813
0,400709	-1,87821006774902
0,417415	-1,878253698349
0,431912	-1,87827706336975
0,450162	-1,87827754020691
0,464707	-1,87825489044189
0,481400	-1,87822294235229
0,497137	-1,8782045841217
0,528227	-1,8781955242157
0,546209	-1,87821054458618
0,561163	-1,87825632095337
0,577831	-1,87831592559814
0,592098	-1,87839961051941
0,608941	-1,87852263450623
0,624012	-1,87866735458374
0,643844	-1,87882709503174
0,672142	-1,87900185585022
0,688108	-1,87915635108948
0,704131	-1,87929105758667
0,720038	-1,87940168380737
0,736005	-1,87947797775269
0,752003	-1,87952995300293
0,767993	-1,879554271698
0,784700	-1,87954711914063
0,816049	-1,87952899932861
0,832113	-1,87951421737671
0,848066	-1,87950563430786
0,864105	-1,87952780723572
0,880079	-1,87959051132202
0,896225	-1,87968444824219
0,912114	-1,87980556488037
0,928158	-1,87995576858521
0,945689	-1,88011956214905
0,976100	-1,88027548789978
0,992192	-1,88041996955872
1,008088	-1,88053750991821
1,024090	-1,88059878349304
1,040215	-1,88061809539795
1,056183	-1,88059973716736
1,072044	-1,88051962852478
1,089644	-1,88041615486145
1,120101	-1,88031268119812
1,136111	-1,88020277023315
1,152117	-1,8801212310791
1,168046	-1,88007736206055
1,184173	-1,88005900382996
1,200090	-1,88008761405945
1,216152	-1,8801589012146
1,233679	-1,88024687767029
1,264042	-1,88034534454346
1,280038	-1,88044333457947
1,295830	-1,88051629066467
1,310241	-1,88056182861328
1,327836	-1,88056182861328
1,342040	-1,88050603866577
1,358270	-1,88040018081665
1,377653	-1,88025593757629
1,407878	-1,88008379936218
1,422044	-1,87989163398743
1,438023	-1,87971043586731
1,454032	-1,87955760955811
1,470021	-1,87943863868713
1,486023	-1,87938332557678
1,502016	-1,87939143180847
1,520421	-1,87942671775818
1,550078	-1,87950110435486
1,566483	-1,87960195541382
1,582065	-1,8796808719635
1,598619	-1,87974309921265
1,615142	-1,87977600097656
1,631134	-1,87974739074707
1,647131	-1,87967753410339
1,663365	-1,87956666946411
1,694088	-1,87940788269043
1,710099	-1,87922406196594
1,726120	-1,87904667854309
1,742087	-1,8788845539093
1,758084	-1,87875437736511
1,774093	-1,87866902351379
1,790154	-1,87863779067993
1,806745	-1,8786678314209
1,824362	-1,87875699996948
1,854691	-1,8788845539093
1,869763	-1,87901926040649
1,885754	-1,87915301322937
1,901740	-1,87926554679871
1,917306	-1,87933111190796
1,933270	-1,87935972213745
1,949279	-1,87934398651123
1,966861	-1,87926626205444
1,997345	-1,87915897369385
2,013802	-1,87904620170593
2,030409	-1,87892079353333
2,046384	-1,87882614135742
2,062412	-1,87877750396729
2,078426	-1,87877011299133
2,094434	-1,87882137298584
2,112107	-1,87892508506775
2,142383	-1,87905216217041
2,157452	-1,87920618057251
2,173487	-1,87938117980957
2,189669	-1,87955141067505
2,205450	-1,87970399856567
2,221457	-1,87983226776123
2,237520	-1,87991833686829
2,268396	-1,87996053695679
2,285983	-1,87996530532837
2,301993	-1,87993168830872
2,318070	-1,87986898422241
2,334007	-1,87980794906616
2,349843	-1,87975382804871
2,364503	-1,87971544265747
2,380479	-1,87972235679626
2,398094	-1,8797755241394
2,428496	-1,87985324859619
2,444504	-1,87998104095459
2,460676	-1,88015031814575
2,477021	-1,88032078742981
2,493049	-1,88048887252808
2,509158	-1,88064908981323
2,525031	-1,88077092170715
2,541197	-1,88086295127869
2,573288	-1,88091707229614
2,591400	-1,88091492652893
2,605546	-1,88086986541748
2,621523	-1,88079142570496
2,637553	-1,880690574646
2,653612	-1,88058352470398
2,669554	-1,88049149513245
2,685568	-1,88042378425598
2,702666	-1,88039398193359
2,733142	-1,88041019439697
2,749068	-1,88046646118164
2,765076	-1,88055157661438
2,781146	-1,88066959381104
2,797140	-1,88079190254211
2,813503	-1,88089060783386
2,828542	-1,88098001480103
2,846176	-1,88102698326111
2,876561	-1,88100385665894
2,892578	-1,88094043731689
2,908523	-1,88083648681641
2,924055	-1,88067603111267
2,940071	-1,88050079345703
2,956081	-1,88032579421997
2,972068	-1,88014817237854
2,989680	-1,88000869750977
3,020049	-1,87991285324097
3,035566	-1,87984561920166
3,051581	-1,87982749938965
3,067590	-1,8798565864563
3,083592	-1,87990593910217
3,099598	-1,87997889518738
3,115612	-1,8800573348999
3,137801	-1,88011956214905
3,163157	-1,88014554977417
3,179126	-1,88012266159058
3,195208	-1,88004016876221
3,211272	-1,879887342453
3,227111	-1,87969160079956
3,243268	-1,87947463989258
3,260660	-1,87924551963806
3,277711	-1,87905049324036
3,308718	-1,87890839576721
3,324638	-1,87880682945251
3,340614	-1,87876892089844
3,356177	-1,87879538536072
3,372169	-1,87885689735413
3,387556	-1,87895703315735
3,403377	-1,87906455993652
3,419475	-1,87915635108948
3,451359	-1,87922954559326
3,467825	-1,87926077842712
3,483854	-1,87924385070801
3,499836	-1,87919473648071
3,515827	-1,87911319732666
3,531803	-1,87899875640869
3,547784	-1,87887334823608
3,563891	-1,87874889373779
3,581741	-1,87863183021545
3,610341	-1,87855291366577
3,626347	-1,8785285949707
3,642332	-1,87855982780457
3,658314	-1,87864422798157
3,674448	-1,87877750396729
3,690924	-1,8789439201355
3,706811	-1,87911415100098
3,724385	-1,87928342819214
3,754782	-1,87942981719971
3,770772	-1,87953543663025
3,786775	-1,87960338592529
3,802772	-1,87963438034058
3,818774	-1,87963008880615
3,834661	-1,87960839271545
3,849753	-1,87957167625427
3,868379	-1,8795371055603
3,898829	-1,87953662872314
3,914771	-1,8795530796051
3,930786	-1,87959575653076
3,946776	-1,87968397140503
3,962781	-1,87979435920715
3,978778	-1,8799295425415
3,994818	-1,88009572029114
4,017199	-1,88026285171509
4,041826	-1,88041925430298
4,057820	-1,8805673122406
4,073814	-1,88069772720337
4,089791	-1,88079309463501
4,105853	-1,88085746765137
4,121824	-1,88089275360107
4,137809	-1,88089919090271
4,155373	-1,88088798522949
4,185826	-1,88086891174316
4,201816	-1,88084244728088
4,217818	-1,88081979751587
4,233824	-1,88082337379456
4,249813	-1,88083600997925
4,265774	-1,88086128234863
4,281773	-1,88090682029724
4,297954	-1,88094806671143
4,329775	-1,8809974193573
4,345817	-1,88106775283813
4,361819	-1,88113117218018
4,377814	-1,881187915802
4,393781	-1,88124561309814
4,409781	-1,88127398490906
4,425779	-1,88127303123474
4,441781	-1,88124561309814
4,459387	-1,88117456436157
4,489784	-1,8810703754425
4,505782	-1,88095545768738
4,521825	-1,88083434104919
4,537813	-1,880704164505
4,553786	-1,88057518005371
4,569781	-1,88046264648438
4,585779	-1,88037395477295
4,603379	-1,88031649589539
4,633771	-1,88028836250305
4,649776	-1,88027334213257
4,665797	-1,88027930259705
4,681945	-1,88029980659485
4,697785	-1,88030624389648
4,713826	-1,88029623031616
4,729797	-1,88026404380798
4,746998	-1,88019323348999
4,776072	-1,88009476661682
4,792070	-1,87997508049011
4,808080	-1,87980246543884
4,824079	-1,8796067237854
4,840073	-1,87940788269043
4,856117	-1,87920188903809
4,872145	-1,87902665138245
4,894482	-1,87889909744263
4,920063	-1,87881112098694
4,936058	-1,87877869606018
4,952057	-1,87880301475525
4,968064	-1,87884569168091
4,984097	-1,87890243530273
5,000055	-1,87896132469177
5,016054	-1,87899827957153
5,033130	-1,87900018692017
5,064060	-1,87897157669067
5,080150	-1,8788914680481
5,096877	-1,87876343727112
5,112126	-1,8786096572876
5,128774	-1,87845039367676
5,148821	-1,87828230857849
5,160108	-1,87814044952393
5,176237	-1,8780460357666
5,208080	-1,87799477577209
5,224164	-1,87800168991089
5,240061	-1,87806463241577
5,256069	-1,87815999984741
5,272077	-1,87829375267029
5,288059	-1,87845373153687
5,304055	-1,87859725952148
5,320057	-1,87871766090393
5,337655	-1,8788001537323
5,368064	-1,87881851196289
5,384063	-1,87879157066345
5,400059	-1,87873101234436
5,416057	-1,87863874435425
5,432060	-1,87855291366577
5,448056	-1,87850165367126
5,464062	-1,87848973274231
5,481662	-1,87852311134338
5,512058	-1,87860918045044
5,528061	-1,8787305355072
5,544057	-1,87887144088745
5,560054	-1,87903428077698
5,576059	-1,87921094894409
5,592063	-1,87937474250793
5,608065	-1,87952566146851
5,625659	-1,8796591758728
5,656064	-1,87974572181702
5,672061	-1,87979745864868
5,688071	-1,87982630729675
5,704054	-1,87982964515686
5,720059	-1,87982201576233
5,736094	-1,87981820106506
5,752058	-1,8798143863678
5,774460	-1,87983655929565
5,800061	-1,87989330291748
5,816058	-1,87997245788574
5,832059	-1,88007354736328
5,848058	-1,88018774986267
5,864100	-1,88030099868774
5,880061	-1,88041353225708
5,895861	-1,88050842285156
5,911125	-1,88057470321655
5,942060	-1,88062191009521
5,958057	-1,88064098358154
5,974078	-1,88064193725586
5,990271	-1,88063645362854
6,006059	-1,88063263893127
6,022057	-1,88062524795532
6,038057	-1,880610704422
6,054231	-1,88059163093567
6,086055	-1,88057255744934
6,102079	-1,88053798675537
6,118250	-1,88050508499146
6,134312	-1,88048124313354
6,150328	-1,880446434021
6,166359	-1,88041138648987
6,182352	-1,88037991523743
6,198318	-1,88034200668335
6,215969	-1,88031482696533
6,246357	-1,88030099868774
6,262347	-1,88029050827026
6,278521	-1,88028311729431
6,296199	-1,88027000427246
6,310315	-1,8802478313446
6,326313	-1,880211353302
6,342316	-1,88014459609985
6,359916	-1,88005208969116
6,390325	-1,87994194030762
6,406316	-1,87981653213501
6,422351	-1,87967801094055
6,438366	-1,87953209877014
6,454363	-1,87938928604126
6,470321	-1,87926936149597
6,486324	-1,8791811466217
6,503913	-1,87913918495178
6,534323	-1,87914991378784
6,550320	-1,87918543815613
6,566316	-1,87923526763916
6,582318	-1,87928438186646
6,598323	-1,8793044090271
6,614260	-1,87929701805115
6,629536	-1,8792576789856
6,666130	-1,87916946411133
6,682700	-1,87904620170593
6,698710	-1,87889575958252
6,714685	-1,8787305355072
6,730687	-1,87857818603516
6,746577	-1,87845253944397
6,761719	-1,87837266921997
6,777704	-1,87834620475769
6,796090	-1,87836170196533
6,825739	-1,87842488288879
6,841731	-1,87853503227234
6,857667	-1,87867116928101
6,873717	-1,87881588935852
6,889717	-1,87894177436829
6,905643	-1,87902617454529
6,921573	-1,87906360626221
6,937810	-1,87904071807861
6,969489	-1,8789689540863
6,985524	-1,87886834144592
7,001624	-1,8787522315979
7,017512	-1,87864780426025
7,033537	-1,87857675552368
7,049628	-1,87854862213135
7,065519	-1,87857985496521
7,081414	-1,87867450714111
7,098183	-1,87882089614868
7,128623	-1,87901210784912
7,144568	-1,87922239303589
7,160639	-1,87942242622375
7,176548	-1,87959480285645
7,191610	-1,87971544265747
7,207573	-1,87978148460388
7,223624	-1,87980127334595
7,241120	-1,8797755241394
7,271604	-1,87972617149353
7,287618	-1,87967157363892
7,303517	-1,87961864471436
7,319593	-1,87958669662476
7,335591	-1,87959742546082
7,351635	-1,87965321540833
7,367616	-1,87975001335144
7,385248	-1,87988185882568
7,415625	-1,88003444671631
7,431582	-1,88019752502441
7,447652	-1,88035297393799
7,463591	-1,88049530982971
7,479282	-1,88060569763184
7,495267	-1,88066267967224
7,511507	-1,88067817687988
7,541638	-1,88065004348755
7,559188	-1,88058996200562
7,575264	-1,88053035736084
7,591289	-1,88047504425049
7,607225	-1,88042807579041
7,623160	-1,88040375709534
7,639186	-1,88040208816528
7,655243	-1,88042211532593
7,672818	-1,88046336174011
7,703260	-1,88050985336304
7,719256	-1,88055539131165
7,735217	-1,8805890083313
7,751169	-1,8805992603302
7,766576	-1,88059878349304
7,782572	-1,88058829307556
7,798583	-1,88056993484497
7,814857	-1,88053631782532
7,846649	-1,88048720359802
7,862574	-1,88042378425598
7,878621	-1,88034868240356
7,894575	-1,88026666641235
7,910542	-1,88018441200256
7,926298	-1,8801007270813
7,942327	-1,88001251220703
7,958256	-1,87993168830872
7,975932	-1,87985396385193
8,006276	-1,87978029251099
8,022249	-1,87971806526184
8,038252	-1,87966299057007
8,054330	-1,87960886955261
8,070237	-1,8795690536499
8,086243	-1,87953329086304
8,102295	-1,87950277328491
8,119941	-1,87947702407837
8,150273	-1,87944507598877
8,166392	-1,87941312789917
8,182351	-1,87936973571777
8,198239	-1,87930226325989
8,214330	-1,87921047210693
8,230406	-1,87910175323486
8,246326	-1,87898135185242
8,263879	-1,87886118888855
8,294234	-1,87874460220337
8,310239	-1,87865161895752
8,326241	-1,87858629226685
8,342256	-1,87854862213135
8,358237	-1,87854695320129
8,374249	-1,87858033180237
8,390314	-1,87863397598267
8,420670	-1,87870407104492
8,438310	-1,8787693977356
8,454326	-1,87881922721863
8,470305	-1,87884521484375
8,486331	-1,87883424758911
8,502346	-1,87880420684814
8,518320	-1,87875914573669
8,534342	-1,87869334220886
8,556758	-1,87861919403076
8,596885	-1,87854909896851
8,598539	-1,87849140167236
8,614403	-1,87847518920898
8,630439	-1,87850046157837
8,646287	-1,87856364250183
8,661579	-1,87866902351379
8,677587	-1,87879967689514
8,694255	-1,87894678115845
8,725820	-1,87910079956055
8,741763	-1,8792417049408
8,757531	-1,87935519218445
8,773492	-1,8794379234314
8,789537	-1,87947249412537
8,804555	-1,87947034835815
8,819679	-1,87944936752319
8,835749	-1,87941813468933
8,853184	-1,87939310073853
8,883434	-1,87938976287842
8,899433	-1,87941312789917
8,915483	-1,8794732093811
8,931400	-1,87956666946411
8,947488	-1,87969160079956
8,963425	-1,87984037399292
8,979441	-1,87999296188354
8,996988	-1,88014721870422
9,027400	-1,88027930259705
9,043527	-1,88038420677185
9,059581	-1,88046431541443
9,075454	-1,88051104545593
9,091399	-1,88052010536194
9,107454	-1,88051748275757
9,123418	-1,88049530982971
9,141021	-1,88046073913574
9,171553	-1,88044118881226
9,187473	-1,88043308258057
9,203510	-1,88044166564941
9,219504	-1,88046979904175
9,235461	-1,88051843643188
9,251473	-1,88057899475098
9,267522	-1,88065338134766
9,285114	-1,88072538375854
9,315482	-1,88078212738037
9,331538	-1,88082075119019
9,347466	-1,8808434009552
9,363479	-1,88084292411804
9,379538	-1,88082027435303
9,395551	-1,88078498840332
9,411590	-1,88073563575745
9,431234	-1,88067173957825
9,459628	-1,88060998916626
9,475450	-1,88054394721985
9,490436	-1,88047313690186
9,506494	-1,88042044639587
9,522475	-1,880375623703
9,538392	-1,88033604621887
9,554466	-1,88030362129211
9,571511	-1,88027000427246
9,602474	-1,88023710250854
9,618491	-1,88021206855774
9,634507	-1,88018608093262
9,650488	-1,88016128540039
9,666586	-1,88013029098511
9,682469	-1,88008165359497
9,698389	-1,88002324104309
9,714466	-1,87994909286499
9,732039	-1,87986636161804
9,762405	-1,87978315353394
9,778420	-1,87969756126404
9,794481	-1,87961602210999
9,810401	-1,87952780723572
9,826362	-1,87942981719971
9,842437	-1,87933850288391
9,858351	-1,87925314903259
9,876004	-1,87917757034302
9,906438	-1,87912178039551
9,922403	-1,87908387184143
9,938441	-1,87906289100647
9,954370	-1,87906455993652
9,970415	-1,879070520401
9,986341	-1,87907910346985
10,002360	-1,87908291816711
10,019989	-1,87907361984253
10,050417	-1,87905216217041
10,066480	-1,87901854515076
10,082410	-1,87896943092346
10,098411	-1,87890839576721
10,114410	-1,87883639335632
10,130379	-1,87875986099243
10,146386	-1,87869334220886
10,164043	-1,87864351272583
10,194415	-1,87862634658813
10,209877	-1,8786473274231
10,225826	-1,87869644165039
10,241900	-1,87876892089844
10,257809	-1,8788628578186
10,273806	-1,87896347045898
10,289897	-1,87907361984253
10,312306	-1,87918663024902
10,337893	-1,87928438186646
10,353877	-1,87935352325439
10,369911	-1,87938499450684
10,385823	-1,87938928604126
10,400949	-1,87937688827515
10,417165	-1,87935256958008
10,432885	-1,87932872772217
10,449951	-1,87931895256042
10,480899	-1,87931966781616
10,496901	-1,87934827804565
10,512928	-1,87941980361938
10,528967	-1,87952947616577
10,544742	-1,87966895103455
10,560402	-1,87983512878418
10,576398	-1,88000917434692
10,592446	-1,88018012046814
10,610083	-1,88033223152161
10,640483	-1,88046550750732
10,656586	-1,88056564331055
10,672411	-1,88061857223511
10,688485	-1,8806414604187
10,704482	-1,8806300163269
10,720477	-1,88058614730835
10,736399	-1,88053464889526
10,753102	-1,88048005104065
10,783507	-1,8804292678833
10,799496	-1,88039684295654
10,815434	-1,88039350509644
10,831420	-1,8804292678833
10,847380	-1,88051104545593
10,862409	-1,88063097000122
10,878403	-1,88077998161316
10,896059	-1,88093495368958
10,926367	-1,88107776641846
10,941387	-1,88119649887085
10,957321	-1,88127398490906
10,973244	-1,88130187988281
10,989223	-1,88126969337463
11,005176	-1,88117599487305
11,021167	-1,88102960586548
11,038804	-1,88083481788635
11,069259	-1,88061118125916
11,085225	-1,88040494918823
11,101213	-1,88023281097412
11,117254	-1,88011145591736
11,133237	-1,88006806373596
11,149227	-1,88009524345398
11,165270	-1,88017201423645
11,184990	-1,88030576705933
11,213184	-1,88047122955322
11,229182	-1,88062787055969
11,245237	-1,88076162338257
11,261205	-1,88083815574646
11,277220	-1,88082337379456
11,293245	-1,8807156085968
11,309168	-1,88052940368652
11,326271	-1,88026833534241
11,357115	-1,87995839118958
11,372474	-1,87963700294495
11,388569	-1,87933421134949
11,404598	-1,87907528877258
11,420486	-1,87891387939453
11,436515	-1,87885761260986
11,452504	-1,87889575958252
11,468542	-1,87903809547424
11,486057	-1,87924671173096
11,516500	-1,87947154045105
11,532512	-1,87969756126404
11,550019	-1,87988471984863
11,579877	-1,87998366355896
11,595861	-1,87998485565186
11,611833	-1,8798770904541
11,627833	-1,87965488433838
11,643844	-1,87936067581177
11,659873	-1,87902569770813
11,675819	-1,8786826133728
11,693422	-1,87838292121887
11,723234	-1,87816476821899
11,739257	-1,87805509567261
11,755146	-1,87807846069336
11,770230	-1,87824201583862
11,787825	-1,87851500511169
11,818194	-1,87886118888855
11,834202	-1,87923526763916
11,850353	-1,87957644462585
11,866286	-1,87983989715576
11,882160	-1,87999725341797
11,898234	-1,88002324104309
11,914295	-1,87991237640381
11,931797	-1,87970232963562
11,962257	-1,87942719459534
11,978307	-1,87912559509277
11,994150	-1,8788537979126
12,010175	-1,87865328788757
12,026177	-1,87854695320129
12,042106	-1,87857341766357
12,057636	-1,87872791290283
12,080070	-1,87899708747864
12,105715	-1,87935900688171
12,121626	-1,87976884841919
12,137643	-1,88016605377197
12,153632	-1,88051199913025
12,169679	-1,88076710700989
12,185685	-1,88090562820435
12,201632	-1,88092374801636
12,218651	-1,8808331489563
12,248984	-1,88064908981323
12,265042	-1,88040280342102
12,281008	-1,88014602661133
12,296978	-1,87991619110107
12,312994	-1,87975430488586
12,328992	-1,87970304489136
12,344996	-1,87976121902466
12,361173	-1,87992215156555
12,393007	-1,88018894195557
12,409039	-1,88051748275757
12,424554	-1,88086009025574
12,440549	-1,88118529319763
12,456608	-1,88143515586853
12,472563	-1,88158464431763
12,488615	-1,88163471221924
12,504549	-1,88158464431763
12,522251	-1,88144373893738
12,552608	-1,88123798370361
12,568561	-1,88099193572998
12,584629	-1,88073778152466
12,600634	-1,88050937652588
12,616629	-1,88033723831177
12,632637	-1,88024139404297
12,648643	-1,88022947311401
12,666190	-1,88029718399048
12,696579	-1,88042855262756
12,712600	-1,88059496879578
12,728563	-1,88077878952026
12,744645	-1,88095331192017
12,760606	-1,88108110427856
12,776519	-1,88115549087524
12,792097	-1,88115048408508
12,809653	-1,88105869293213
12,840060	-1,88089966773987
12,856087	-1,88068675994873
12,872068	-1,88043522834778
12,888075	-1,88017463684082
12,904058	-1,87992477416992
12,920012	-1,87970733642578
12,935611	-1,87954235076904
12,965668	-1,87943696975708
12,983286	-1,87939214706421
12,999231	-1,87939214706421
13,015245	-1,87943482398987
13,031320	-1,87951517105103
13,047272	-1,87960720062256
13,063311	-1,87969446182251
13,079295	-1,87976741790771
13,096758	-1,87979483604431
13,126577	-1,87977504730225
13,142685	-1,8797082901001
13,158555	-1,87958383560181
13,174481	-1,87941598892212
13,190025	-1,87921977043152
13,205994	-1,8789963722229
13,221245	-1,87877178192139
13,237412	-1,87857246398926
13,269170	-1,87841320037842
13,285192	-1,87831425666809
13,301181	-1,87828183174133
13,317194	-1,8783164024353
13,333206	-1,87840938568115
13,349175	-1,87855243682861
13,365166	-1,87873387336731
13,381189	-1,87893104553223
13,398786	-1,87911701202393
13,429211	-1,87926936149597
13,445181	-1,87936353683472
13,461304	-1,8793888092041
13,477235	-1,87935090065002
13,493187	-1,87924242019653
13,509223	-1,87907910346985
13,525220	-1,87888717651367
13,542828	-1,87868452072144
13,573175	-1,87850332260132
13,588757	-1,87838935852051
13,604788	-1,8783552646637
13,620893	-1,87842392921448
13,636877	-1,87860107421875
13,652762	-1,87886714935303
13,668830	-1,87919139862061
13,686412	-1,87954878807068
13,716755	-1,87989377975464
13,732817	-1,88018941879272
13,748824	-1,88039827346802
13,764810	-1,88050174713135
13,780745	-1,88048815727234
13,796770	-1,88036417961121
13,812754	-1,88016772270203
13,830403	-1,87992382049561
13,860859	-1,87966895103455
13,876769	-1,87945151329041
13,892776	-1,87930488586426
13,908766	-1,87926459312439
13,924766	-1,8793568611145
13,940749	-1,87957692146301
13,956782	-1,87990212440491
13,974429	-1,88029718399048
14,004794	-1,88071131706238
14,020801	-1,88109374046326
14,036751	-1,88139653205872
14,052789	-1,88158082962036
14,068746	-1,8816225528717
14,084826	-1,88151907920837
14,100806	-1,88128757476807
14,117199	-1,88096570968628
14,148777	-1,88059425354004
14,164848	-1,88023924827576
14,180822	-1,87995076179504
14,196815	-1,87976884841919
14,212555	-1,87972140312195
14,228400	-1,8798143863678
14,244433	-1,88003301620483
14,260451	-1,88034582138062
14,278021	-1,88070750236511
14,307692	-1,88105869293213
14,323707	-1,88135051727295
14,339745	-1,88152933120728
14,355665	-1,88157510757446
14,371675	-1,88147521018982
14,387687	-1,88123178482056
14,403683	-1,88088083267212
14,421286	-1,88046336174011
14,451685	-1,88002753257751
14,467724	-1,87963390350342
14,483698	-1,87932825088501
14,499675	-1,87914347648621
14,515599	-1,8791024684906
14,530963	-1,87919187545776
14,546938	-1,87939310073853
14,564571	-1,87966084480286
14,595022	-1,87993502616882
14,610987	-1,88017463684082
14,626967	-1,88033819198608
14,642956	-1,88039302825928
14,658966	-1,88033676147461
14,675021	-1,88016223907471
14,690954	-1,8798885345459
14,721357	-1,87955260276794
14,738993	-1,8791925907135
14,755005	-1,8788537979126
14,770974	-1,87857007980347
14,787099	-1,87836599349976
14,802956	-1,87825489044189
14,818976	-1,87824559211731
14,834962	-1,87832593917847
14,853401	-1,87848448753357
14,882947	-1,87868571281433
14,898955	-1,87889862060547
14,915015	-1,87908887863159
14,930979	-1,87923216819763
14,946970	-1,87930870056152
14,962959	-1,87931156158447
14,978983	-1,87924289703369
14,995728	-1,87911462783813
15,027021	-1,87895059585571
15,043083	-1,87876677513123
15,059009	-1,87859129905701
15,075086	-1,87844133377075
15,091078	-1,87833976745605
15,107014	-1,87829899787903
15,123009	-1,87831163406372
15,139030	-1,87838387489319
15,156620	-1,87852263450623
15,187049	-1,87869811058044
15,202076	-1,8789050579071
15,218122	-1,87912559509277
15,234076	-1,87933540344238
15,250050	-1,87952518463135
15,266062	-1,87968444824219
15,282015	-1,87979483604431
15,299645	-1,87985229492188
15,330016	-1,8798553943634
15,346038	-1,87980508804321
15,362029	-1,87972140312195
15,377994	-1,87961602210999
15,394039	-1,87951636314392
15,410041	-1,87943649291992
15,426060	-1,87939858436584
15,443624	-1,87942171096802
15,474080	-1,87951135635376
15,490064	-1,87966299057007
15,506046	-1,87986898422241
15,522014	-1,88012170791626
15,538070	-1,88039636611938
15,554032	-1,88067650794983
15,570015	-1,8809187412262
15,587737	-1,88110494613647
15,618067	-1,88121771812439
15,634043	-1,88123345375061
15,650024	-1,88116145133972
15,665309	-1,88102006912231
15,681331	-1,88081979751587
15,697495	-1,88060474395752
15,713417	-1,88040065765381
15,735275	-1,88024139404297
15,760286	-1,88016772270203
15,775465	-1,88019704818726
15,791343	-1,88032031059265
15,807322	-1,88052606582642
15,823312	-1,88078546524048
15,839371	-1,88106441497803
15,855361	-1,8813214302063
15,872136	-1,88152027130127
15,903379	-1,8816454410553
15,919359	-1,88165998458862
15,935359	-1,88156199455261
15,951374	-1,8813636302948
15,967357	-1,88108444213867
15,983370	-1,88076496124268
15,999405	-1,88044548034668
16,015357	-1,8801589012146
16,032982	-1,87994575500488
16,063332	-1,87983226776123
16,079385	-1,87981653213501
16,095388	-1,8798999786377
16,111397	-1,88006114959717
16,127470	-1,88026452064514
16,143368	-1,88048386573792
16,159378	-1,88067007064819
16,176956	-1,88078498840332
16,207378	-1,88080930709839
16,223497	-1,88072109222412
16,239371	-1,88052868843079
16,255464	-1,88025712966919
16,271319	-1,87993717193604
16,287430	-1,87960410118103
16,303369	-1,87928771972656
16,320924	-1,87902188301086
16,350539	-1,87883591651917
16,366473	-1,87874150276184
16,382487	-1,87874579429626
16,398434	-1,87884473800659
16,414388	-1,87899541854858
16,430367	-1,8791823387146
16,446389	-1,87936186790466
16,463843	-1,87949466705322
16,493331	-1,87957262992859
16,508388	-1,87958192825317
16,515356	-1,87950444221497
16,531354	-1,87936353683472
16,547353	-1,87917637825012
16,563311	-1,87895655632019
16,579347	-1,87873601913452
16,599049	-1,87854480743408
16,627314	-1,87839794158936
16,643340	-1,8783164024353
16,659461	-1,87830877304077
16,674696	-1,87837409973145
16,690700	-1,87849736213684
16,706809	-1,87866187095642
16,723644	-1,87885212898254
16,739386	-1,87904238700867
16,770721	-1,8792142868042
16,786702	-1,87935423851013
16,802695	-1,87944722175598
16,818699	-1,87949085235596
16,834745	-1,87949085235596
16,850764	-1,87945222854614
16,866703	-1,87939023971558
16,882742	-1,87932229042053
16,900296	-1,87925052642822
16,930700	-1,87920451164246
16,946702	-1,87918877601624
16,962695	-1,87920880317688
16,978709	-1,87928509712219
16,994737	-1,8794116973877
17,010943	-1,87957096099854
17,026200	-1,87976026535034
17,044698	-1,87996387481689
17,075102	-1,88016438484192
17,091104	-1,88034820556641
17,107104	-1,88050770759583
17,123107	-1,88063383102417
17,139104	-1,88071990013123
17,155101	-1,88076496124268
17,171105	-1,88077616691589
17,188704	-1,88074421882629
17,219106	-1,88068199157715
17,235106	-1,88061118125916
17,251110	-1,88054084777832
17,267105	-1,88050031661987
17,283106	-1,88049364089966
17,299106	-1,88053035736084
17,315101	-1,88061547279358
17,332701	-1,88073825836182
17,363103	-1,88088369369507
17,379003	-1,88104486465454
17,394253	-1,88120794296265
17,411099	-1,88135480880737
17,427109	-1,88147568702698
17,443153	-1,88154292106628
17,459102	-1,88154935836792
17,477272	-1,88149857521057
17,506098	-1,88139319419861
17,522205	-1,88124704360962
17,539151	-1,88108110427856
17,555115	-1,88090682029724
17,571106	-1,88074636459351
17,587112	-1,88062024116516
17,603103	-1,88054394721985
17,619258	-1,88052177429199
17,649102	-1,88055276870728
17,665095	-1,8806300163269
17,681104	-1,88073182106018
17,697103	-1,88084292411804
17,713104	-1,88094210624695
17,729101	-1,88100433349609
17,745103	-1,88100981712341
17,761122	-1,88096404075623
17,778705	-1,88084983825684
17,809102	-1,88067722320557
17,825101	-1,88045740127563
17,841101	-1,88020515441895
17,857106	-1,8799512386322
17,873108	-1,87971925735474
17,889115	-1,87952947616577
17,905303	-1,87940883636475
17,923744	-1,87936186790466
17,954106	-1,87938165664673
17,970101	-1,87945413589478
17,986107	-1,87955474853516
18,002108	-1,87966346740723
18,018099	-1,8797619342804
18,034098	-1,87982320785522
18,050106	-1,87983179092407
18,067707	-1,87978196144104
18,098105	-1,87967157363892
18,114099	-1,87950825691223
18,130106	-1,87930655479431
18,145908	-1,87908887863159
18,160111	-1,87888407707214
18,176106	-1,87870407104492
18,192100	-1,87857866287231
18,209701	-1,87852048873901
18,240103	-1,87852692604065
18,256110	-1,87860107421875
18,272202	-1,87872958183289
18,289099	-1,87888193130493
18,305103	-1,87905430793762
18,321112	-1,87921857833862
18,337103	-1,87934279441833
18,356837	-1,87942028045654
18,384719	-1,87944507598877
18,404255	-1,87940883636475
18,420017	-1,87932682037354
18,432391	-1,87921142578125
18,448372	-1,87908601760864
18,464367	-1,87897920608521
18,480387	-1,87890720367432
18,497062	-1,87888503074646
18,528417	-1,87892079353333
18,544317	-1,87901210784912
18,559385	-1,87915372848511
18,575369	-1,87932300567627
18,591367	-1,87951517105103
18,607377	-1,879723072052
18,623422	-1,87991189956665
18,639377	-1,88006591796875
18,657116	-1,88018727302551
18,688370	-1,88025212287903
18,704376	-1,88027167320251
18,720387	-1,88026714324951
18,736370	-1,88023924827576
18,752372	-1,88020014762878
18,768364	-1,88016438484192
18,784363	-1,88012886047363
18,801972	-1,88011837005615
18,832374	-1,88014721870422
18,848380	-1,88021039962769
18,864384	-1,88030624389648
18,880413	-1,88043069839478
18,896413	-1,88057374954224
18,912374	-1,88072109222412
18,928415	-1,88086795806885
18,945970	-1,88099884986877
18,976370	-1,88109970092773
18,992370	-1,88116693496704
19,008367	-1,88120460510254
19,024378	-1,88119173049927
19,040368	-1,88114356994629
19,056263	-1,8810772895813
19,071363	-1,8809859752655
19,088971	-1,88088417053223
19,119370	-1,88079452514648
19,135369	-1,88071894645691
19,151268	-1,88066744804382
19,166368	-1,88065505027771
19,182371	-1,88068199157715
19,198370	-1,88074111938477
19,214473	-1,8808159828186
19,234777	-1,88089227676392
19,262365	-1,88095712661743
19,278468	-1,88099789619446
19,295375	-1,88100814819336
19,311372	-1,88098764419556
19,327364	-1,88093066215515
19,343367	-1,88083863258362
19,359366	-1,88070106506348
19,376056	-1,88052868843079
19,407374	-1,88034319877625
19,423373	-1,88015508651733
19,439371	-1,87999391555786
19,455368	-1,87987327575684
19,471372	-1,87978744506836
19,487378	-1,87973713874817
19,503366	-1,87973761558533
19,519365	-1,87976837158203
19,536967	-1,87982535362244
19,567375	-1,87989616394043
19,583387	-1,87994956970215
19,599369	-1,87997031211853
19,615364	-1,8799512386322
19,631364	-1,87987804412842
19,647364	-1,87975597381592
19,663367	-1,8795952796936
19,680763	-1,8794105052948
19,709368	-1,87921643257141
19,725411	-1,87904191017151
19,741678	-1,87890338897705
19,757686	-1,87880945205688
19,773688	-1,8787727355957
19,789687	-1,87879323959351
19,805694	-1,87885594367981
19,823328	-1,87894940376282
19,853693	-1,8790602684021
19,869691	-1,87916707992554
19,885687	-1,87925148010254
19,901685	-1,87930560112
19,917684	-1,87931895256042
19,933683	-1,87929439544678
19,949689	-1,87923860549927
19,967287	-1,8791618347168
19,997686	-1,87906742095947
20,013679	-1,87897109985352
20,029688	-1,87889051437378
20,045690	-1,87883925437927
20,061686	-1,87882947921753
20,077689	-1,87887334823608
20,093695	-1,87896251678467
20,113419	-1,87908387184143
20,141743	-1,87923645973206
20,157691	-1,87939476966858
20,173699	-1,87954139709473
20,189686	-1,87967538833618
20,205687	-1,87978196144104
20,221683	-1,87985825538635
20,237689	-1,87990522384644
20,254375	-1,87992382049561
20,285689	-1,87991666793823
20,301686	-1,87990093231201
20,317684	-1,87988090515137
20,333684	-1,87987661361694
20,349695	-1,87988686561584
20,365716	-1,87991952896118
20,381692	-1,87997889518738
20,397687	-1,8800573348999
20,415280	-1,88015246391296
20,445687	-1,88027167320251
20,461706	-1,88039946556091
20,477697	-1,88053154945374
20,493680	-1,88065505027771
20,509681	-1,8807590007782
20,525699	-1,8808434009552
20,541690	-1,88090085983276
20,559289	-1,88092565536499
20,589691	-1,88093185424805
20,605689	-1,88091278076172
20,621552	-1,88086938858032
20,635686	-1,88081979751587
20,651683	-1,88076162338257
20,667686	-1,88070702552795
20,683686	-1,8806734085083
20,701282	-1,88065433502197
20,731791	-1,88065505027771
20,748687	-1,88067555427551
20,764685	-1,88071203231812
20,780684	-1,88076329231262
20,796686	-1,88082456588745
20,812688	-1,88088583946228
20,828691	-1,88093829154968
20,846294	-1,88096046447754
20,876586	-1,88094902038574
20,891686	-1,88090229034424
20,907689	-1,88080978393555
20,923686	-1,88068532943726
20,939693	-1,88053798675537
20,955683	-1,88037610054016
20,971685	-1,88022828102112
20,991420	-1,88009262084961
21,019696	-1,87997889518738
21,035699	-1,87990427017212
21,051700	-1,87986588478088
21,067683	-1,87986087799072
21,083653	-1,87988615036011
21,099296	-1,87992262840271
21,114848	-1,87995719909668
21,131533	-1,87998008728027
21,162853	-1,87997579574585
21,178855	-1,87993669509888
21,194849	-1,87986326217651
21,210846	-1,87975382804871
21,226860	-1,87961316108704
21,242960	-1,87944507598877
21,258851	-1,87926292419434
21,274848	-1,87908935546875
21,292449	-1,87894177436829
21,322855	-1,87883543968201
21,338856	-1,87877011299133
21,354856	-1,87874579429626
21,370858	-1,87876296043396
21,386847	-1,87881326675415
21,402849	-1,87888073921204
21,418845	-1,87896466255188
21,436454	-1,87904357910156
21,466856	-1,87909030914307
21,482862	-1,87910342216492
21,498849	-1,87907695770264
21,514856	-1,87901043891907
21,530880	-1,87891268730164
21,546857	-1,87879753112793
21,562856	-1,87868309020996
21,580452	-1,87857723236084
21,610875	-1,87849831581116
21,626868	-1,87846279144287
21,643013	-1,87846803665161
21,659879	-1,87851881980896
21,675852	-1,87861061096191
21,691880	-1,87872886657715
21,707663	-1,87886190414429
21,723456	-1,87900733947754
21,753854	-1,87914872169495
21,769854	-1,87927532196045
21,785848	-1,87936663627625
21,801861	-1,87941646575928
21,817854	-1,8794310092926
21,833858	-1,8794116973877
21,849954	-1,87936615943909
21,869596	-1,87931966781616
21,897844	-1,8792736530304
21,913856	-1,87924456596375
21,929853	-1,87924385070801
21,945854	-1,87927412986755
21,961846	-1,87935042381287
21,977860	-1,8794732093811
21,993856	-1,87962961196899
22,010921	-1,8798143863678
22,041850	-1,87999844551086
22,057848	-1,88016057014465
22,073848	-1,88029503822327
22,089858	-1,88039231300354
22,105960	-1,8804497718811
22,122799	-1,88046979904175
22,137955	-1,88044285774231
22,155028	-1,88038110733032
22,184849	-1,88029885292053
22,200850	-1,88020992279053
22,216864	-1,88014388084412
22,232872	-1,88011407852173
22,248853	-1,88012599945068
22,264864	-1,88018345832825
22,281112	-1,88026523590088
22,298022	-1,88036799430847
22,315622	-1,88048267364502
22,346029	-1,88059663772583
22,362028	-1,88070154190063
22,377930	-1,88077783584595
22,393026	-1,88080596923828
22,409019	-1,88079023361206
22,425026	-1,88072752952576
22,441029	-1,88061761856079
22,458628	-1,88047957420349
22,489036	-1,88032841682434
22,505033	-1,88017749786377
22,521032	-1,88004493713379
22,537021	-1,87994647026062
22,553021	-1,87988996505737
22,569019	-1,87986254692078
22,585022	-1,87986636161804
22,602625	-1,87990093231201
22,633022	-1,87994146347046
22,649020	-1,87997722625732
22,665025	-1,88000440597534
22,681071	-1,87999391555786
22,697065	-1,87994480133057
22,713044	-1,87986254692078
22,729027	-1,87973213195801
22,759429	-1,87957262992859
22,777026	-1,87940549850464
22,793030	-1,87923097610474
22,809036	-1,87906503677368
22,825032	-1,8789267539978
22,840925	-1,87881851196289
22,856065	-1,87874317169189
22,872022	-1,87870097160339
22,889636	-1,87868523597717
22,920024	-1,87868523597717
22,936018	-1,87869596481323
22,952015	-1,87872123718262
22,968123	-1,87873649597168
22,985022	-1,87873268127441
23,001026	-1,87871336936951
23,017023	-1,87866401672363
23,033204	-1,87858843803406
23,065025	-1,87850904464722
23,081023	-1,87841749191284
23,097028	-1,8783164024353
23,113035	-1,87822842597961
23,129032	-1,87815189361572
23,145023	-1,87809348106384
23,161040	-1,87806963920593
23,177027	-1,87807011604309
23,194569	-1,87809658050537
23,224026	-1,8781464099884
23,239927	-1,87821006774902
23,255022	-1,87829756736755
23,271031	-1,87839579582214
23,287024	-1,87849044799805
23,303021	-1,87857937812805
23,319023	-1,87864685058594
23,336621	-1,87869167327881
23,367028	-1,87871766090393
23,383035	-1,87872743606567
23,399019	-1,87872838973999
23,415029	-1,87872290611267
23,431046	-1,87870740890503
23,447025	-1,87869930267334
23,463022	-1,87870478630066
23,480626	-1,87873935699463
23,511025	-1,87881708145142
23,527039	-1,87892556190491
23,543075	-1,87906122207642
23,559035	-1,87922239303589
23,575024	-1,87938666343689
23,591030	-1,87955212593079
23,607035	-1,87971544265747
23,629475	-1,8798553943634
23,655031	-1,879962682724
23,671071	-1,88002705574036
23,687023	-1,88003778457642
23,703023	-1,88001561164856
23,719026	-1,87997150421143
23,735026	-1,87991452217102
23,751032	-1,87987875938416
23,768617	-1,87987184524536
23,799034	-1,87989115715027
23,814949	-1,87995195388794
23,830288	-1,88004970550537
23,846339	-1,88017582893372
23,862369	-1,88032078742981
23,878331	-1,88047456741333
23,894332	-1,88061332702637
23,910731	-1,88071990013123
23,942362	-1,88078594207764
23,958330	-1,8808000087738
23,974333	-1,88075089454651
23,990350	-1,88066267967224
24,006335	-1,88054299354553
24,022378	-1,88039898872375
24,038378	-1,88025856018066
24,054694	-1,88013792037964
24,071930	-1,88005089759827
24,102334	-1,88001132011414
24,118329	-1,88002038002014
24,134331	-1,88006448745728
24,150333	-1,88013100624084
24,166330	-1,88020277023315
24,182334	-1,88026332855225
24,198381	-1,88029384613037
24,215975	-1,8802797794342
24,246337	-1,88021636009216
24,262335	-1,88010168075562
24,278327	-1,87994313240051
24,294327	-1,87975120544434
24,310328	-1,87954831123352
24,326228	-1,87935209274292
24,341378	-1,87917804718018
24,358927	-1,87904357910156
24,389325	-1,87895584106445
24,405335	-1,8789050579071
24,421335	-1,87888884544373
24,437370	-1,878901720047
24,453331	-1,87892389297485
24,469327	-1,87893748283386
24,485327	-1,87894010543823
24,515739	-1,87890291213989
24,533430	-1,87882995605469
24,550333	-1,87872743606567
24,566328	-1,87859272956848
24,582332	-1,87844276428223
24,598337	-1,87829375267029
24,614376	-1,87815499305725
24,630268	-1,87803673744202
24,647727	-1,87795352935791
24,677336	-1,87790298461914
24,693326	-1,87788772583008
24,709334	-1,87790393829346
24,725396	-1,8779411315918
24,741330	-1,87798810005188
24,757379	-1,87803077697754
24,773372	-1,87806153297424
24,789767	-1,8780722618103
24,821332	-1,87806749343872
24,837337	-1,87805032730103
24,853329	-1,87802219390869
24,869237	-1,87799477577209
24,884383	-1,87797832489014
24,900385	-1,87797141075134
24,916367	-1,87798285484314
24,932324	-1,8780210018158
24,949929	-1,87807011604309
24,980337	-1,87812852859497
24,996334	-1,87820529937744
25,012342	-1,87827706336975
25,028321	-1,87835049629211
25,044334	-1,87841796875
25,060370	-1,87846970558167
25,076338	-1,87852358818054
25,093930	-1,87859272956848
25,124333	-1,87867712974548
25,140353	-1,87877225875854
25,156388	-1,87887763977051
25,172390	-1,87898349761963
25,188531	-1,8790910243988
25,204583	-1,87919735908508
25,220589	-1,87930655479431
25,238224	-1,87940788269043
25,268586	-1,8795018196106
25,284586	-1,8795850276947
25,300626	-1,87964248657227
25,316618	-1,87968301773071
25,332574	-1,879718542099
25,348583	-1,87975430488586
25,364580	-1,8798041343689
25,382220	-1,87987875938416
25,412589	-1,87996912002563
25,428587	-1,88007354736328
25,444584	-1,88019323348999
25,460584	-1,88032460212708
25,476601	-1,88046216964722
25,492743	-1,88059282302856
25,508580	-1,88070154190063
25,526980	-1,88078498840332
25,556629	-1,88082075119019
25,572631	-1,88080811500549
25,588629	-1,88076400756836
25,604625	-1,88069558143616
25,620405	-1,88062572479248
25,634958	-1,8805673122406
25,652582	-1,88052821159363
25,668984	-1,88051104545593
25,700581	-1,88051795959473
25,716388	-1,88056039810181
25,730581	-1,88064098358154
25,746577	-1,88073992729187
25,762781	-1,88084411621094
25,780428	-1,88092565536499
25,794578	-1,88095664978027
25,810584	-1,88093113899231
25,828190	-1,88085269927979
25,858588	-1,88072490692139
25,874584	-1,88056945800781
25,890600	-1,88039779663086
25,906624	-1,88022446632385
25,922582	-1,88006591796875
25,938589	-1,87993168830872
25,954599	-1,87984132766724
25,972243	-1,87980079650879
26,002633	-1,87979984283447
26,018964	-1,87982630729675
26,034586	-1,87986040115356
26,050577	-1,87988567352295
26,066586	-1,87989163398743
26,082589	-1,8798668384552
26,098586	-1,87980556488037
26,116179	-1,8797082901001
26,146584	-1,87957048416138
26,162580	-1,87939524650574
26,178589	-1,87920665740967
26,194586	-1,87901926040649
26,210577	-1,87885165214539
26,226581	-1,87871432304382
26,242578	-1,87861657142639
26,272979	-1,87856650352478
26,290586	-1,87856531143188
26,306585	-1,87860202789307
26,322586	-1,8786678314209
26,338591	-1,87873697280884
26,354674	-1,87879109382629
26,370595	-1,87881278991699
26,386623	-1,87878942489624
26,405023	-1,87872958183289
26,434581	-1,87864637374878
26,450577	-1,87854361534119
26,466576	-1,87843728065491
26,482585	-1,87833976745605
26,498582	-1,8782639503479
26,514592	-1,87822937965393
26,530582	-1,87823700904846
26,547075	-1,8782844543457
26,578815	-1,87836813926697
26,594822	-1,87846326828003
26,610824	-1,87856268882751
26,626829	-1,87865877151489
26,642864	-1,87874364852905
26,658858	-1,87881064414978
26,674866	-1,87885689735413
26,690661	-1,87887907028198
26,706435	-1,87889313697815
26,736906	-1,87890243530273
26,752857	-1,87892246246338
26,768858	-1,87896132469177
26,784863	-1,87901592254639
26,800821	-1,87908554077148
26,816818	-1,87916946411133
26,832814	-1,87925148010254
26,850419	-1,87934160232544
26,880870	-1,8794412612915
26,896855	-1,8795371055603
26,912818	-1,87963056564331
26,928820	-1,87971472740173
26,944814	-1,87978458404541
26,960826	-1,87984895706177
26,976861	-1,87991142272949
26,994418	-1,87998270988464
27,024822	-1,88005948066711
27,040820	-1,88013529777527
27,056823	-1,88021087646484
27,072823	-1,88028311729431
27,088822	-1,88033986091614
27,104850	-1,88039398193359
27,121100	-1,88044285774231
27,138418	-1,88048720359802
27,168823	-1,88052654266357
27,184817	-1,88055419921875
27,200813	-1,8805673122406
27,216822	-1,88056993484497
27,232865	-1,88056468963623
27,248863	-1,88055968284607
27,264866	-1,88056182861328
27,284633	-1,88056993484497
27,313195	-1,8805890083313
27,329192	-1,8806095123291
27,345198	-1,88063097000122
27,361231	-1,88065433502197
27,377247	-1,88066959381104
27,393240	-1,88066148757935
27,409268	-1,88063645362854
27,425890	-1,88058066368103
27,457206	-1,88049960136414
27,473205	-1,88039636611938
27,489201	-1,88027596473694
27,505206	-1,88015627861023
27,521202	-1,88004660606384
27,537208	-1,87994956970215
27,553198	-1,87987542152405
27,569246	-1,87982368469238
27,586702	-1,87978935241699
27,616207	-1,8797721862793
27,632236	-1,87975215911865
27,648198	-1,87972521781921
27,664196	-1,87968182563782
27,680201	-1,87960624694824
27,696245	-1,87950277328491
27,712242	-1,8793773651123
27,729851	-1,87922883033752
27,760248	-1,87907862663269
27,776245	-1,87892723083496
27,792250	-1,87878513336182
27,808246	-1,87865972518921
27,824243	-1,87855672836304
27,840193	-1,8784806728363
27,856106	-1,87842559814453
27,872837	-1,8783872127533
27,903279	-1,87835955619812
27,919924	-1,87833428382874
27,935615	-1,87829852104187
27,952513	-1,87826180458069
27,968500	-1,87821650505066
27,984499	-1,87816262245178
28,000515	-1,87810134887695
28,017912	-1,87803292274475
28,046509	-1,87795901298523
28,062501	-1,87789273262024
28,078502	-1,87783861160278
28,094506	-1,87779974937439
28,110608	-1,87777614593506
28,127509	-1,87775874137878
28,143496	-1,87775444984436
28,163237	-1,87775993347168
28,191509	-1,8777813911438
28,207499	-1,8778235912323
28,223514	-1,87788391113281
28,239454	-1,87794971466064
28,254543	-1,8780243396759
28,270500	-1,87809562683105
28,286502	-1,87817001342773
28,303194	-1,87824201583862
28,334503	-1,87830567359924
28,350513	-1,87836885452271
28,366496	-1,87842655181885
28,382507	-1,87847852706909
28,398503	-1,87853074073792
28,414505	-1,87858462333679
28,430501	-1,8786416053772
28,446496	-1,87871170043945
28,464103	-1,8787899017334
28,494506	-1,87887907028198
28,510503	-1,87898564338684
28,526508	-1,87911033630371
28,542511	-1,87924885749817
28,558499	-1,87939524650574
28,574509	-1,87955212593079
28,590522	-1,87970924377441
28,608104	-1,87985110282898
28,638402	-1,87997508049011
28,653507	-1,88008260726929
28,669496	-1,8801600933075
28,685604	-1,88022136688232
28,702507	-1,88026285171509
28,718504	-1,88027811050415
28,734501	-1,88028359413147
28,752103	-1,8802924156189
28,782547	-1,88030743598938
28,798544	-1,88034963607788
28,814504	-1,88042259216309
28,830500	-1,88052558898926
28,846496	-1,88065123558044
28,862503	-1,88078379631042
28,878503	-1,88092422485352
28,896005	-1,88104724884033
28,925506	-1,88113760948181
28,941500	-1,88118410110474
28,957511	-1,88117551803589
28,973506	-1,88111448287964
28,989500	-1,88101673126221
29,005504	-1,88088941574097
29,021507	-1,88075256347656
29,041238	-1,88063097000122
29,069499	-1,88053202629089
29,085494	-1,88047194480896
29,101502	-1,88045263290405
29,117402	-1,88046550750732
29,132510	-1,88050985336304
29,148698	-1,88056135177612
29,166304	-1,88059592247009
29,181566	-1,88061594963074
29,212504	-1,88059496879578
29,228497	-1,88052225112915
29,244503	-1,88040590286255
29,260575	-1,8802478313446
29,277158	-1,88005471229553
29,292762	-1,87985062599182
29,308751	-1,87964677810669
29,324750	-1,87945795059204
29,342359	-1,87929797172546
29,372755	-1,87916564941406
29,388746	-1,879070520401
29,404750	-1,8790078163147
29,420765	-1,87898015975952
29,436853	-1,87897157669067
29,452754	-1,87896585464478
29,468750	-1,87895274162292
29,486356	-1,87892007827759
29,516761	-1,8788526058197
29,532754	-1,8787522315979
29,548754	-1,87861442565918
29,564756	-1,8784487247467
29,580779	-1,87828183174133
29,596758	-1,87812256813049
29,612751	-1,8779764175415
29,630357	-1,87786245346069
29,660761	-1,87777876853943
29,676762	-1,87772607803345
29,692758	-1,8777163028717
29,708752	-1,87773776054382
29,724796	-1,87777495384216
29,740752	-1,87781929969788
29,756758	-1,87785482406616
29,774249	-1,87787318229675
29,803750	-1,87788558006287
29,819755	-1,87788891792297
29,835753	-1,87787961959839
29,851755	-1,87786388397217
29,867750	-1,8778440952301
29,883746	-1,87782406806946
29,899747	-1,87780737876892
29,922159	-1,87781810760498
29,947745	-1,87784838676453
29,963752	-1,87788677215576
29,979746	-1,87794494628906
29,995749	-1,878014087677
30,011857	-1,87808418273926
30,028765	-1,87817239761353
30,044577	-1,87826609611511
30,060377	-1,87836170196533
30,092544	-1,87846112251282
30,106743	-1,87856316566467
30,122753	-1,87867069244385
30,138752	-1,87878727912903
30,154951	-1,87890124320984
30,172546	-1,87901210784912
30,186747	-1,87910985946655
30,202746	-1,87919187545776
30,220453	-1,87926340103149
30,251753	-1,8793249130249
30,267748	-1,87937521934509
30,283745	-1,87941551208496
30,299757	-1,87945055961609
30,315750	-1,87949681282043
30,331742	-1,87955808639526
30,347753	-1,87964558601379
30,365351	-1,87976408004761
30,395660	-1,87990736961365
30,410874	-1,88005781173706
30,426852	-1,88020873069763
30,443751	-1,88034200668335
30,459746	-1,88044881820679
30,475748	-1,8805205821991
30,491744	-1,88055038452148
30,509354	-1,88054013252258
30,539753	-1,88050079345703
30,555747	-1,88043189048767
30,571749	-1,88035607337952
30,587744	-1,88028311729431
30,603753	-1,88022613525391
30,619807	-1,88019752502441
30,635671	-1,88019847869873
30,652448	-1,88023376464844
30,682002	-1,88029670715332
30,698011	-1,880375623703
30,713996	-1,88045692443848
30,730002	-1,88051795959473
30,745999	-1,88053750991821
30,762011	-1,8805103302002
30,777997	-1,8804292678833
30,800408	-1,88029623031616
30,826014	-1,88013243675232
30,842123	-1,87994480133057
30,858003	-1,87974739074707
30,873995	-1,87956190109253
30,890002	-1,87940239906311
30,906106	-1,87928557395935
30,923004	-1,87922024726868
30,940606	-1,87919640541077
30,971023	-1,87920832633972
30,987003	-1,87923908233643
31,002999	-1,87926340103149
31,019001	-1,8792667388916
31,035002	-1,87923383712769
31,050997	-1,87914872169495
31,067004	-1,87901926040649
31,082910	-1,87883973121643
31,099659	-1,87862634658813
31,130048	-1,87840723991394
31,146049	-1,87819981575012
31,162038	-1,87802600860596
31,178005	-1,87789583206177
31,194050	-1,87781858444214
31,210043	-1,87779712677002
31,226010	-1,87782573699951
31,243603	-1,87788510322571
31,274002	-1,87795472145081
31,290007	-1,87800717353821
31,306055	-1,87802863121033
31,322038	-1,878014087677
31,338001	-1,87796449661255
31,354055	-1,87787914276123
31,370199	-1,877774477005
31,387612	-1,87765622138977
31,418013	-1,87754130363464
31,434065	-1,87745332717896
31,450042	-1,8774037361145
31,466005	-1,87740969657898
31,482005	-1,87746858596802
31,498006	-1,87756991386414
31,514007	-1,87769794464111
31,531606	-1,87783050537109
31,562016	-1,87795805931091
31,577995	-1,87806916236877
31,593995	-1,87815022468567
31,610001	-1,87820625305176
31,626007	-1,87823057174683
31,641860	-1,87822985649109
31,656002	-1,87822461128235
31,678399	-1,87822294235229
31,704108	-1,87824392318726
31,720443	-1,8782947063446
31,736940	-1,87837409973145
31,752949	-1,87849617004395
31,768962	-1,87865376472473
31,784941	-1,87882518768311
31,800939	-1,87900447845459
31,818005	-1,87917327880859
31,848948	-1,87931203842163
31,864967	-1,87942123413086
31,880959	-1,87949514389038
31,896941	-1,87954235076904
31,912937	-1,87957167625427
31,928937	-1,8795964717865
31,944945	-1,8796284198761
31,960936	-1,87967491149902
31,978462	-1,87974405288696
32,008276	-1,8798394203186
32,025254	-1,87995624542236
32,041215	-1,88009357452393
32,057218	-1,88024139404297
32,073216	-1,88037872314453
32,089009	-1,88049101829529
32,103211	-1,88057255744934
32,120911	-1,88060355186462
32,152210	-1,88059282302856
32,168208	-1,88055872917175
32,184212	-1,88049793243408
32,200250	-1,88043737411499
32,216215	-1,88038921356201
32,232208	-1,88035726547241
32,248207	-1,88035249710083
32,265809	-1,88037657737732
32,296209	-1,88042759895325
32,312207	-1,88049364089966
32,328215	-1,88055229187012
32,344207	-1,88059115409851
32,360207	-1,88059973716736
32,376210	-1,88055920600891
32,392252	-1,88047075271606
32,410277	-1,88034319877625
32,440210	-1,88018226623535
32,456218	-1,88000535964966
32,472206	-1,87983131408691
32,488205	-1,87967872619629
32,504207	-1,87956070899963
32,520210	-1,87947583198547
32,536204	-1,87942719459534
32,558603	-1,87940502166748
32,584205	-1,87939739227295
32,600204	-1,87938928604126
32,616206	-1,87936615943909
32,632205	-1,87930607795715
32,648205	-1,87921047210693
32,664199	-1,87907958030701
32,680009	-1,87890887260437
32,695805	-1,87871599197388
32,727201	-1,87850952148438
32,743201	-1,8783073425293
32,759213	-1,87812852859497
32,775217	-1,87798666954041
32,791246	-1,87788987159729
32,807201	-1,8778440952301
32,823202	-1,87783217430115
32,839381	-1,87784790992737
32,871226	-1,87786984443665
32,887253	-1,87788891792297
32,903488	-1,87788677215576
32,927519	-1,87785267829895
32,934441	-1,87777996063232
32,950483	-1,87767457962036
32,966445	-1,87754392623901
32,982445	-1,87740921974182
33,000046	-1,87728714942932
33,030481	-1,8771960735321
33,046444	-1,87714815139771
33,062449	-1,87713670730591
33,078480	-1,87716913223267
33,094442	-1,87725377082825
33,110443	-1,87736916542053
33,126445	-1,8774938583374
33,144081	-1,87761688232422
33,174492	-1,8777129650116
33,190492	-1,87777280807495
33,206477	-1,87780141830444
33,222443	-1,87779974937439
33,238546	-1,87777924537659
33,255242	-1,87775278091431
33,269442	-1,8777437210083
33,287086	-1,877760887146
33,317487	-1,8778133392334
33,333479	-1,87790775299072
33,349473	-1,87805128097534
33,365839	-1,87822079658508
33,382762	-1,87841153144836
33,398765	-1,87860679626465
33,414816	-1,87878608703613
33,437211	-1,87893581390381
33,462801	-1,87904977798462
33,478767	-1,87912273406982
33,494772	-1,8791618347168
33,510591	-1,87917470932007
33,524968	-1,87918496131897
33,542815	-1,87921214103699
33,558570	-1,87925815582275
33,573900	-1,87933897972107
33,604811	-1,87945413589478
33,620777	-1,87959361076355
33,636775	-1,87975978851318
33,652771	-1,87993288040161
33,668771	-1,88009309768677
33,684771	-1,8802342414856
33,700770	-1,88033509254456
33,716949	-1,88038921356201
33,748767	-1,88040208816528
33,764765	-1,88037490844727
33,780766	-1,88032746315002
33,796772	-1,88027715682983
33,812775	-1,88023209571838
33,828774	-1,88020443916321
33,844867	-1,88020658493042
33,861771	-1,88023853302002
33,879367	-1,88029670715332
33,909773	-1,88036799430847
33,925768	-1,88044595718384
33,941775	-1,88051629066467
33,957771	-1,88055157661438
33,973780	-1,88055157661438
33,989808	-1,88050079345703
34,005764	-1,88039779663086
34,023380	-1,88025808334351
34,053576	-1,88009858131409
34,067969	-1,87993121147156
34,085561	-1,87978029251099
34,099972	-1,8796591758728
34,117571	-1,87957167625427
34,131771	-1,87953114509583
34,147865	-1,87952089309692
34,166366	-1,87952995300293
34,196772	-1,87954950332642
34,212816	-1,87955260276794
34,228806	-1,87951898574829
34,244810	-1,87944078445435
34,260810	-1,87930989265442
34,276816	-1,87912940979004
34,292812	-1,87891864776611
34,315207	-1,87870264053345
34,340774	-1,87848973274231
34,356768	-1,87830448150635
34,372768	-1,87816905975342
34,388763	-1,87808966636658
34,404771	-1,87805986404419
34,420784	-1,87807774543762
34,436836	-1,87811946868896
34,453920	-1,87815403938293
34,484776	-1,87818264961243
34,500771	-1,87818431854248
34,516771	-1,87813663482666
34,532774	-1,87804317474365
34,548763	-1,87790656089783
34,564772	-1,87773561477661
34,580768	-1,87755751609802
34,596775	-1,87739682197571
34,614370	-1,87727546691895
34,644775	-1,87721276283264
34,660569	-1,87720346450806
34,674760	-1,87725925445557
34,690769	-1,87736320495605
34,706761	-1,87750029563904
34,722886	-1,87765836715698
34,739983	-1,87781429290771
34,757707	-1,87793588638306
34,788124	-1,878005027771
34,804095	-1,878014087677
34,819987	-1,87798166275024
34,835150	-1,87791538238525
34,852048	-1,87783050537109
34,868045	-1,87775874137878
34,884050	-1,87770795822144
34,901696	-1,87769675254822
34,932057	-1,87775707244873
34,947954	-1,87788224220276
34,963052	-1,87806701660156
34,979057	-1,87829756736755
34,995195	-1,87855052947998
35,012099	-1,87879657745361
35,028050	-1,87901544570923
35,045451	-1,87918543815613
35,074267	-1,87929058074951
35,092093	-1,87932443618774
35,108088	-1,87930345535278
35,123887	-1,87925958633423
35,138049	-1,87921094894409
35,154051	-1,87918066978455
35,170059	-1,87918543815613
35,192461	-1,87923908233643
35,218049	-1,87934589385986
35,234048	-1,87949681282043
35,250043	-1,87968730926514
35,266050	-1,87990474700928
35,282056	-1,88011956214905
35,298093	-1,88030409812927
35,314045	-1,88044595718384
35,331648	-1,88053464889526
35,362065	-1,88057208061218
35,378061	-1,88056516647339
35,394102	-1,88050723075867
35,410042	-1,88041615486145
35,426041	-1,88031101226807
35,442042	-1,88020277023315
35,458052	-1,88012552261353
35,474226	-1,88010025024414
35,506044	-1,88012003898621
35,522047	-1,88018345832825
35,538053	-1,8802695274353
35,554056	-1,88035678863525
35,570052	-1,88043570518494
35,586181	-1,88049483299255
35,603105	-1,88051462173462
35,619087	-1,88048934936523
35,636484	-1,88041138648987
35,665051	-1,88029432296753
35,681050	-1,88013529777527
35,697048	-1,87995886802673
35,713047	-1,87980031967163
35,729047	-1,87965655326843
35,745049	-1,8795371055603
35,761067	-1,87945055961609
35,778648	-1,87937831878662
35,809051	-1,87932944297791
35,825040	-1,8792986869812
35,841046	-1,87926340103149
35,857047	-1,87922406196594
35,873050	-1,87918615341187
35,889052	-1,87912511825562
35,905048	-1,87904405593872
35,922653	-1,87895441055298
35,953045	-1,87885212898254
35,969044	-1,87873005867004
35,985055	-1,87860107421875
36,001081	-1,87847304344177
36,017095	-1,87835359573364
36,033093	-1,87824511528015
36,049082	-1,87816190719604
36,071466	-1,87809991836548
36,096780	-1,87805247306824
36,112369	-1,87801885604858
36,128362	-1,87799096107483
36,144362	-1,87796449661255
36,160353	-1,87794494628906
36,176356	-1,87791800498962
36,192357	-1,87789368629456
36,209422	-1,87787580490112
36,240358	-1,87786340713501
36,256359	-1,87785911560059
36,272353	-1,87787199020386
36,288358	-1,87788438796997
36,304360	-1,87790179252625
36,320359	-1,87792944908142
36,336358	-1,87795209884644
36,352540	-1,87796974182129
36,384355	-1,87799406051636
36,400359	-1,87801933288574
36,416360	-1,87804269790649
36,432367	-1,87807130813599
36,448362	-1,87811660766602
36,464352	-1,87818193435669
36,480354	-1,87826132774353
36,496360	-1,87836384773254
36,513964	-1,87848496437073
36,544366	-1,87861013412476
36,560355	-1,87873601913452
36,576356	-1,87886190414429
36,592361	-1,87897753715515
36,608355	-1,87908387184143
36,624354	-1,87917327880859
36,640358	-1,87924551963806
36,657956	-1,87930226325989
36,688360	-1,87935137748718
36,704360	-1,87940287590027
36,720356	-1,87945652008057
36,736353	-1,87952828407288
36,752357	-1,87962627410889
36,768364	-1,87973427772522
36,784349	-1,8798565864563
36,801958	-1,87999176979065
36,832376	-1,88012337684631
36,848463	-1,88024616241455
36,864358	-1,88035941123962
36,880357	-1,88045787811279
36,896394	-1,88053798675537
36,912392	-1,88059496879578
36,928359	-1,88063168525696
36,950772	-1,88064742088318
36,974951	-1,88064908981323
36,992355	-1,88064479827881
37,008358	-1,88064479827881
37,024354	-1,88064694404602
37,040353	-1,88066005706787
37,056356	-1,88067722320557
37,072361	-1,88070201873779
37,089427	-1,88072848320007
37,120351	-1,88075685501099
37,136361	-1,88078641891479
37,152411	-1,8808114528656
37,168190	-1,88081026077271
37,182351	-1,8807897567749
37,198347	-1,88075137138367
37,214352	-1,88068461418152
37,230536	-1,88060903549194
37,262359	-1,88052821159363
37,278355	-1,88043689727783
37,294360	-1,88034868240356
37,310362	-1,88026285171509
37,326360	-1,88017749786377
37,342359	-1,88010239601135
37,358434	-1,88003063201904
37,374358	-1,87996053695679
37,391954	-1,87989163398743
37,422357	-1,87981605529785
37,438381	-1,87973427772522
37,454572	-1,87964248657227
37,469949	-1,8795428276062
37,485911	-1,87944722175598
37,501874	-1,8793568611145
37,517872	-1,87926626205444
37,535481	-1,87917518615723
37,565924	-1,87908339500427
37,581882	-1,87899112701416
37,597881	-1,87889957427979
37,613877	-1,87880563735962
37,629887	-1,87870836257935
37,645877	-1,87860631942749
37,661886	-1,87850093841553
37,679488	-1,87840390205383
37,709884	-1,8783130645752
37,725880	-1,87822675704956
37,741927	-1,87816572189331
37,757871	-1,87811994552612
37,773877	-1,8780837059021
37,789888	-1,8780734539032
37,805929	-1,87806916236877
37,836316	-1,87806272506714
37,853883	-1,87806034088135
37,869888	-1,87804913520813
37,885942	-1,87802791595459
37,901955	-1,87800216674805
37,918224	-1,87797045707703
37,933459	-1,87793469429016
37,949471	-1,87790131568909
37,967865	-1,87787532806396
37,997457	-1,87785911560059
38,013461	-1,87786769866943
38,029459	-1,8779022693634
38,045460	-1,87796545028687
38,061462	-1,87804484367371
38,077460	-1,87814426422119
38,093463	-1,8782525062561
38,109633	-1,87836456298828
38,141453	-1,87847423553467
38,157456	-1,87857675552368
38,173468	-1,87865877151489
38,189571	-1,87872242927551
38,206502	-1,87876892089844
38,222301	-1,87880516052246
38,236715	-1,87883424758911
38,254261	-1,87886118888855
38,270055	-1,87889862060547
38,300470	-1,87895441055298
38,316523	-1,87903165817261
38,332499	-1,87913799285889
38,348497	-1,87927055358887
38,364501	-1,87941908836365
38,380499	-1,87958335876465
38,396509	-1,87973976135254
38,414102	-1,87988185882568
38,444467	-1,88000273704529
38,460459	-1,88009262084961
38,476475	-1,88015675544739
38,492462	-1,88018774986267
38,508459	-1,88019704818726
38,524462	-1,88019227981567
38,540457	-1,88018178939819
38,558068	-1,88017201423645
38,588511	-1,88018560409546
38,604505	-1,88022351264954
38,620501	-1,88028907775879
38,636466	-1,88037776947021
38,652467	-1,88047456741333
38,668503	-1,88057208061218
38,684507	-1,88065934181213
38,706874	-1,88071823120117
38,732458	-1,8807590007782
38,748507	-1,88076591491699
38,764501	-1,88074040412903
38,780464	-1,88068532943726
38,796506	-1,88060092926025
38,812502	-1,88050508499146
38,828748	-1,88041353225708
38,845474	-1,88032460212708
38,875877	-1,88024187088013
38,891947	-1,88017964363098
38,908288	-1,88012933731079
38,923876	-1,88010025024414
38,939883	-1,88008594512939
38,955878	-1,88007998466492
38,971875	-1,88008379936218
38,988059	-1,88007736206055
39,019889	-1,88004589080811
39,035881	-1,8799901008606
39,051886	-1,8799102306366
39,067925	-1,87980198860168
39,083924	-1,87966513633728
39,099928	-1,87951326370239
39,115877	-1,87935256958008
39,131876	-1,87919950485229
39,149484	-1,87906074523926
39,179928	-1,87894892692566
39,195919	-1,87886571884155
39,211920	-1,87880682945251
39,227912	-1,87877440452576
39,243876	-1,87875652313232
39,259884	-1,87875652313232
39,275885	-1,87876129150391
39,293478	-1,87875533103943
39,323880	-1,87873101234436
39,339880	-1,87868618965149
39,355878	-1,87861347198486
39,371884	-1,87852358818054
39,387781	-1,87842321395874
39,402936	-1,87831377983093
39,418872	-1,87821698188782
39,436480	-1,87813282012939
39,466920	-1,87805724143982
39,482920	-1,8780038356781
39,498876	-1,87799096107483
39,514885	-1,87802004814148
39,530884	-1,87808537483215
39,546877	-1,87817978858948
39,562875	-1,87828731536865
39,593284	-1,87837958335876
39,610878	-1,8784556388855
39,626883	-1,87851238250732
39,642925	-1,8785400390625
39,658917	-1,8785457611084
39,674881	-1,87853837013245
39,690894	-1,87851071357727
39,706871	-1,87848281860352
39,724473	-1,87846922874451
39,754883	-1,8784773349762
39,770877	-1,87852215766907
39,786874	-1,87860202789307
39,802875	-1,87871503829956
39,818878	-1,87885689735413
39,834882	-1,87901258468628
39,850927	-1,87917757034302
39,867062	-1,87934160232544
39,898885	-1,87948393821716
39,914872	-1,87958717346191
39,930901	-1,87967252731323
39,946880	-1,87973117828369
39,962879	-1,87977337837219
39,978880	-1,87979745864868
39,994880	-1,87981390953064
40,010870	-1,87982964515686
40,028480	-1,87985324859619
40,058883	-1,87990307807922
40,074939	-1,87998580932617
40,091395	-1,88008260726929
40,106869	-1,88020610809326
40,122873	-1,88034963607788
40,138878	-1,8804783821106
40,154883	-1,88059425354004
40,172337	-1,88069772720337
40,201197	-1,88076543807983
40,217180	-1,88080811500549
40,233176	-1,8808217048645
40,249174	-1,88080930709839
40,265170	-1,88078260421753
40,281183	-1,88075137138367
40,297184	-1,88071942329407
40,314820	-1,88069987297058
40,345173	-1,880690574646
40,361183	-1,88069891929626
40,377185	-1,88072109222412
40,393319	-1,88075947761536
40,410175	-1,88079309463501
40,426178	-1,88081026077271
40,442180	-1,88080596923828
40,471574	-1,88078379631042
40,489176	-1,88073444366455
40,505176	-1,88067126274109
40,521176	-1,8805992603302
40,537177	-1,88052129745483
40,553279	-1,88044214248657
40,570183	-1,88037395477295
40,586177	-1,88030791282654
40,604573	-1,88024473190308
40,632275	-1,88018727302551
40,649170	-1,88013100624084
40,665174	-1,88007140159607
40,681198	-1,88001012802124
40,697174	-1,8799409866333
40,713173	-1,87986373901367
40,729199	-1,87977814674377
40,745612	-1,87968897819519
40,777171	-1,87959575653076
40,793181	-1,87950396537781
40,809175	-1,87941551208496
40,825174	-1,87932872772217
40,841175	-1,87925577163696
40,857179	-1,87919735908508
40,873178	-1,87914514541626
40,889179	-1,8790979385376
40,906781	-1,87905812263489
40,937188	-1,87901592254639
40,953121	-1,87897324562073
40,968173	-1,87893033027649
40,984170	-1,87887597084045
41,000170	-1,87881755828857
41,016170	-1,87875533103943
41,032177	-1,87869429588318
41,049784	-1,87864255905151
41,080179	-1,87859869003296
41,096170	-1,87857174873352
41,112171	-1,87856364250183
41,128181	-1,87857508659363
41,144179	-1,87860798835754
41,160173	-1,87865328788757
41,176177	-1,8786997795105
41,193776	-1,87875366210938
41,224173	-1,87880349159241
41,240188	-1,87884092330933
41,256228	-1,87887525558472
41,272180	-1,87889957427979
41,288176	-1,87892174720764
41,304180	-1,87894725799561
41,320174	-1,87897634506226
41,350705	-1,8790180683136
41,368212	-1,87907528877258
41,384188	-1,87914276123047
41,400175	-1,87923145294189
41,416176	-1,87933373451233
41,432168	-1,87943911552429
41,448177	-1,87954783439636
41,464170	-1,87965273857117
41,482577	-1,87975001335144
41,512181	-1,87984299659729
41,528045	-1,87992906570435
41,542930	-1,88001394271851
41,559750	-1,88010287284851
41,575710	-1,88019323348999
41,591725	-1,88028836250305
41,607738	-1,8803825378418
41,623891	-1,88047623634338
41,655716	-1,88057422637939
41,671668	-1,88066101074219
41,686851	-1,88073825836182
41,703709	-1,88081026077271
41,719616	-1,88086295127869
41,734716	-1,88090562820435
41,750718	-1,8809494972229
41,766711	-1,88099074363708
41,784308	-1,88104104995728
41,814716	-1,8811023235321
41,830717	-1,88117289543152
41,846718	-1,88125467300415
41,862720	-1,88134121894836
41,878715	-1,88142204284668
41,894815	-1,88148927688599
41,911716	-1,88153028488159
41,929315	-1,88154673576355
41,959720	-1,88153576850891
41,975725	-1,88149213790894
41,991712	-1,88142585754395
42,007709	-1,8813419342041
42,023715	-1,8812427520752
42,039717	-1,88115000724792
42,055716	-1,88107252120972
42,073116	-1,88102006912231
42,101713	-1,88099670410156
42,117719	-1,88099408149719
42,133710	-1,8810076713562
42,149720	-1,88103032112122
42,165718	-1,88104391098022
42,181716	-1,88104057312012
42,197707	-1,88100600242615
42,228117	-1,88092422485352
42,245726	-1,88079953193665
42,261719	-1,88063168525696
42,277719	-1,88043189048767
42,293718	-1,88021850585938
42,309716	-1,88000583648682
42,325715	-1,87980556488037
42,341714	-1,87963962554932
42,359323	-1,87951588630676
42,389718	-1,87944006919861
42,405716	-1,87941217422485
42,421711	-1,87941861152649
42,437813	-1,87944793701172
42,454716	-1,87946653366089
42,470719	-1,87945532798767
42,486621	-1,87940788269043
42,501950	-1,87931537628174
42,533708	-1,87916707992554
42,549713	-1,87897491455078
42,565712	-1,87875056266785
42,581715	-1,87851619720459
42,597719	-1,87829256057739
42,613717	-1,87810635566711
42,629713	-1,8779821395874
42,645706	-1,87792181968689
42,663310	-1,8779239654541
42,693718	-1,87798976898193
42,709715	-1,87808585166931
42,725723	-1,87819290161133
42,741715	-1,87829685211182
42,757708	-1,87836766242981
42,773726	-1,87838983535767
42,789750	-1,87836217880249
42,807311	-1,87828063964844
42,837710	-1,87815761566162
42,853716	-1,87801742553711
42,869719	-1,87788438796997
42,885630	-1,87778186798096
42,900776	-1,87772607803345
42,916501	-1,87772107124329
42,933047	-1,87777924537659
42,950645	-1,87789630889893
42,981047	-1,87805938720703
42,997043	-1,87824559211731
43,013045	-1,87843632698059
43,029045	-1,87861442565918
43,045045	-1,87875366210938
43,061051	-1,87884783744812
43,077039	-1,87890291213989
43,107511	-1,87891149520874
43,124996	-1,8788857460022
43,140037	-1,87885165214539
43,156048	-1,87881803512573
43,172039	-1,8788046836853
43,188042	-1,87883329391479
43,204049	-1,87891149520874
43,220083	-1,8790385723114
43,237681	-1,87920331954956
43,268046	-1,87938666343689
43,284051	-1,87957811355591
43,300187	-1,87975811958313
43,317042	-1,87991142272949
43,333047	-1,88003182411194
43,349053	-1,88011407852173
43,365045	-1,8801531791687
43,381467	-1,88015937805176
43,413040	-1,88014554977417
43,429048	-1,88012599945068
43,445044	-1,88011527061462
43,461044	-1,88012719154358
43,477049	-1,88016653060913
43,493047	-1,88022017478943
43,509046	-1,8802924156189
43,524910	-1,88037872314453
43,541446	-1,88045644760132
43,572380	-1,88052272796631
43,588382	-1,88057255744934
43,604389	-1,88059163093567
43,620398	-1,88057851791382
43,636401	-1,88054347038269
43,652505	-1,8804931640625
43,668382	-1,88044285774231
43,685888	-1,88038969039917
43,715389	-1,88034629821777
43,731477	-1,88031339645386
43,748388	-1,88028693199158
43,764380	-1,88026714324951
43,780384	-1,8802478313446
43,796384	-1,88021516799927
43,812382	-1,88016438484192
43,829883	-1,88008594512939
43,859389	-1,87998199462891
43,875393	-1,87985825538635
43,891384	-1,87972903251648
43,907380	-1,87960505485535
43,923382	-1,87948989868164
43,939378	-1,87938714027405
43,955488	-1,87930727005005
43,984789	-1,87925481796265
44,002392	-1,87921690940857
44,018387	-1,87919521331787
44,034378	-1,87917852401733
44,050386	-1,87914443016052
44,066377	-1,87908601760864
44,082375	-1,87899374961853
44,098391	-1,87886500358582
44,116784	-1,87871217727661
44,147427	-1,87853932380676
44,163381	-1,87836289405823
44,179387	-1,87820243835449
44,195414	-1,87806630134583
44,211383	-1,87796783447266
44,227385	-1,87791848182678
44,243394	-1,87791419029236
44,259689	-1,87795519828796
44,291668	-1,87802171707153
44,307680	-1,87809228897095
44,323741	-1,87815880775452
44,339470	-1,87819337844849
44,353672	-1,87818694114685
44,369714	-1,87814474105835
44,385897	-1,87806272506714
44,401666	-1,87795424461365
44,419269	-1,8778338432312
44,449678	-1,8777163028717
44,465775	-1,87762498855591
44,482714	-1,8775749206543
44,498664	-1,87758445739746
44,514671	-1,87765741348267
44,530583	-1,87778258323669
44,545716	-1,87795424461365
44,563267	-1,87815022468567
44,593672	-1,87833905220032
44,609669	-1,87850475311279
44,625669	-1,87863731384277
44,641679	-1,87871503829956
44,657726	-1,87874841690063
44,673818	-1,878741979599
44,691061	-1,87870836257935
44,708267	-1,87866854667664
44,738669	-1,87863492965698
44,754576	-1,87863063812256
44,769719	-1,87867665290833
44,785674	-1,87877607345581
44,801669	-1,87892556190491
44,817671	-1,87912058830261
44,833711	-1,87933969497681
44,851323	-1,87956714630127
44,881777	-1,87977504730225
44,898681	-1,87994694709778
44,914580	-1,88007998466492
44,929715	-1,88016557693481
44,945663	-1,88020706176758
44,961669	-1,88021755218506
44,977672	-1,88020610809326
44,996074	-1,88018989562988
45,025663	-1,88018131256104
45,041668	-1,88018894195557
45,057725	-1,88023209571838
45,074206	-1,88030481338501
45,089672	-1,88040280342102
45,105669	-1,88051891326904
45,121670	-1,88063597679138
45,138364	-1,8807361125946
45,169663	-1,88081860542297
45,185669	-1,88087821006775
45,201668	-1,88090777397156
45,217672	-1,88091278076172
45,233668	-1,88089275360107
45,249674	-1,88085150718689
45,265661	-1,88079404830933
45,281669	-1,88073301315308
45,299180	-1,88068151473999
45,328661	-1,88063716888428
45,344671	-1,88059878349304
45,360692	-1,8805673122406
45,376662	-1,88052773475647
45,392678	-1,88048005104065
45,408705	-1,88042640686035
45,424669	-1,88036298751831
45,442268	-1,88029336929321
45,472671	-1,88021516799927
45,488665	-1,88013529777527
45,504672	-1,88005423545837
45,520667	-1,87996912002563
45,536674	-1,87988686561584
45,552672	-1,8798143863678
45,568671	-1,87973976135254
45,586273	-1,87967109680176
45,616599	-1,87960124015808
45,632022	-1,87951707839966
45,648909	-1,87941098213196
45,664047	-1,87928557395935
45,680005	-1,87914276123047
45,696110	-1,87898564338684
45,713017	-1,87882566452026
45,742407	-1,87867283821106
45,760108	-1,87854099273682
45,777006	-1,87843370437622
45,793012	-1,87836074829102
45,808915	-1,8783266544342
45,824152	-1,87831854820251
45,841047	-1,87833523750305
45,857033	-1,87836384773254
45,874620	-1,87837266921997
45,903017	-1,87835955619812
45,919162	-1,87831544876099
45,936022	-1,87823534011841
45,952109	-1,87812423706055
45,968013	-1,87799215316772
45,984012	-1,87785339355469
46,000010	-1,87772655487061
46,016407	-1,87762212753296
46,048009	-1,87756681442261
46,064006	-1,87756133079529
46,080009	-1,877605676651
46,096014	-1,87770318984985
46,112055	-1,87783432006836
46,128055	-1,87798452377319
46,144046	-1,87813663482666
46,160049	-1,87825798988342
46,177608	-1,87834715843201
46,208012	-1,87840223312378
46,224003	-1,87841272354126
46,240004	-1,87838077545166
46,256016	-1,8783233165741
46,272009	-1,87825322151184
46,288012	-1,87819766998291
46,304009	-1,87817668914795
46,321617	-1,87820529937744
46,352021	-1,87829256057739
46,368061	-1,87843680381775
46,384044	-1,87862467765808
46,400009	-1,87884664535522
46,415813	-1,87907695770264
46,430120	-1,87929701805115
46,447160	-1,8794801235199
46,465407	-1,87961483001709
46,494163	-1,87969875335693
46,511022	-1,87973070144653
46,527063	-1,87971925735474
46,543062	-1,87968683242798
46,559054	-1,87963914871216
46,575062	-1,87960243225098
46,591008	-1,87960028648376
46,608616	-1,87963104248047
46,639057	-1,87971162796021
46,655059	-1,87984299659729
46,671063	-1,88000273704529
46,687012	-1,88017916679382
46,703018	-1,88035297393799
46,719031	-1,88051414489746
46,734995	-1,88064694404602
46,753776	-1,88073945045471
46,782013	-1,88077569007874
46,798047	-1,8807590007782
46,814003	-1,88069343566895
46,830015	-1,88060188293457
46,846022	-1,88050127029419
46,862011	-1,88041067123413
46,878012	-1,88034200668335
46,894738	-1,88029885292053
46,926005	-1,88028144836426
46,942014	-1,88029980659485
46,958007	-1,88034200668335
46,974011	-1,88040113449097
46,990041	-1,88046216964722
47,006339	-1,88051152229309
47,022427	-1,88053202629089
47,038430	-1,88051581382751
47,056034	-1,88045692443848
47,086436	-1,88036203384399
47,102431	-1,88024306297302
47,118441	-1,88010168075562
47,134438	-1,87995672225952
47,150439	-1,87981009483337
47,166434	-1,8796706199646
47,182336	-1,87955474853516
47,199042	-1,87945318222046
47,229435	-1,87937140464783
47,245432	-1,87931418418884
47,261433	-1,8792736530304
47,277544	-1,87923526763916
47,294486	-1,87919855117798
47,310480	-1,87915301322937
47,326444	-1,87910079956055
47,344027	-1,87903213500977
47,374240	-1,87895321846008
47,388438	-1,87886238098145
47,404435	-1,87875318527222
47,420431	-1,87863492965698
47,436466	-1,87851881980896
47,452786	-1,87840342521667
47,469478	-1,87830018997192
47,487034	-1,87820792198181
47,517426	-1,87813282012939
47,533438	-1,87807655334473
47,549435	-1,87803769111633
47,565424	-1,87801027297974
47,581435	-1,87800168991089
47,597437	-1,87800216674805
47,613445	-1,87801504135132
47,631847	-1,87803506851196
47,661479	-1,87804913520813
47,677473	-1,87806105613708
47,693341	-1,87807083129883
47,708480	-1,87807726860046
47,724435	-1,87807989120483
47,740434	-1,87807941436768
47,756544	-1,87807893753052
47,773880	-1,87807559967041
47,805424	-1,87807297706604
47,820955	-1,87807846069336
47,837118	-1,8780951499939
47,853122	-1,87812423706055
47,869125	-1,87817978858948
47,885116	-1,87825417518616
47,901158	-1,87833905220032
47,917156	-1,87844705581665
47,934756	-1,87856960296631
47,965117	-1,8786997795105
47,981116	-1,87883639335632
47,997108	-1,87896203994751
48,013126	-1,87907099723816
48,029129	-1,87916016578674
48,045109	-1,87922835350037
48,061013	-1,87928056716919
48,077724	-1,87932109832764
48,108159	-1,87935137748718
48,124162	-1,87938666343689
48,140165	-1,87942934036255
48,156110	-1,87948894500732
48,172114	-1,87957096099854
48,188118	-1,87967157363892
48,204114	-1,87979364395142
48,221721	-1,87993288040161
48,252196	-1,88007688522339
48,268109	-1,8802227973938
48,284118	-1,88036036491394
48,300113	-1,88046979904175
48,316113	-1,88055229187012
48,332113	-1,88060140609741
48,348031	-1,88061928749084
48,364433	-1,88061380386353
48,395429	-1,88059329986572
48,411380	-1,88056302070618
48,427414	-1,88053035736084
48,443370	-1,88050031661987
48,459382	-1,88048934936523
48,475375	-1,88049793243408
48,491389	-1,88052821159363
48,509799	-1,88057851791382
48,540176	-1,88064408302307
48,554372	-1,88070106506348
48,570380	-1,8807487487793
48,586394	-1,88077402114868
48,602422	-1,88077259063721
48,618371	-1,88074421882629
48,634377	-1,88068199157715
48,651058	-1,88059210777283
48,682377	-1,8804783821106
48,698376	-1,8803436756134
48,714374	-1,88020992279053
48,730478	-1,88007950782776
48,747432	-1,87996435165405
48,763506	-1,87987542152405
48,779375	-1,87981009483337
48,795375	-1,87976574897766
48,812986	-1,87973594665527
48,843424	-1,87970924377441
48,859418	-1,87968444824219
48,875237	-1,87965273857117
48,890073	-1,87960505485535
48,907039	-1,87953495979309
48,922983	-1,8794379234314
48,938984	-1,879314661026
48,956588	-1,87918329238892
48,987034	-1,87904071807861
49,003028	-1,878901720047
49,018989	-1,8787727355957
49,034985	-1,87865662574768
49,050986	-1,87855815887451
49,066993	-1,87848663330078
49,082929	-1,87843632698059
49,099587	-1,87840604782104
49,130029	-1,87839031219482
49,146028	-1,87838292121887
49,162025	-1,87837648391724
49,177986	-1,87836456298828
49,193986	-1,87834072113037
49,209993	-1,87831592559814
49,225987	-1,87827754020691
49,243592	-1,8782320022583
49,274167	-1,87819004058838
49,291002	-1,87815022468567
49,307121	-1,87811994552612
49,322791	-1,87810206413269
49,336984	-1,87809991836548
49,352990	-1,8781156539917
49,369182	-1,87813282012939
49,388875	-1,87816262245178
49,416984	-1,87820887565613
49,432985	-1,87825632095337
49,449028	-1,87831163406372
49,465032	-1,87838125228882
49,481028	-1,8784487247467
49,496983	-1,87852311134338
49,513034	-1,87860536575317
49,529717	-1,8786883354187
49,560993	-1,87877178192139
49,576979	-1,87885808944702
49,592984	-1,87893795967102
49,609083	-1,8790180683136
49,626029	-1,87909364700317
49,642025	-1,87917041778564
49,658020	-1,87924289703369
49,673992	-1,87931299209595
49,691594	-1,87938547134399
49,721960	-1,87946438789368
49,737179	-1,87954998016357
49,752297	-1,87964391708374
49,768287	-1,87974739074707
49,784298	-1,87986135482788
49,800295	-1,87999081611633
49,816292	-1,88011789321899
49,833898	-1,88024306297302
49,864298	-1,88036680221558
49,880287	-1,88047575950623
49,896287	-1,88056826591492
49,912336	-1,88064026832581
49,928335	-1,88068842887878
49,944292	-1,88071823120117
49,960295	-1,88073182106018
49,977887	-1,88073658943176
50,008293	-1,88074421882629
50,024294	-1,88075518608093
50,040291	-1,88077998161316
50,056343	-1,88081789016724
50,072333	-1,8808753490448
50,088345	-1,88094305992126
50,104333	-1,88101720809937
50,121936	-1,88108158111572
50,152294	-1,88113451004028
50,168297	-1,88116407394409
50,184299	-1,88116908073425
50,200289	-1,88114404678345
50,216408	-1,88108992576599
50,233292	-1,8810179233551
50,249307	-1,88093066215515
50,267735	-1,88083052635193
50,297348	-1,88073182106018
50,313333	-1,88064694404602
50,329131	-1,88057255744934
50,343297	-1,88052129745483
50,359304	-1,88048601150513
50,375296	-1,88045907020569
50,391293	-1,88043618202209
50,407689	-1,88041186332703
50,439295	-1,880375623703
50,455292	-1,88032913208008
50,471362	-1,88025546073914
50,487338	-1,88016390800476
50,503326	-1,88004922866821
50,519329	-1,87991571426392
50,535294	-1,87978076934814
50,551297	-1,87965059280396
50,568906	-1,87952733039856
50,599297	-1,87942457199097
50,615299	-1,87933731079102
50,631291	-1,87926626205444
50,647293	-1,87921261787415
50,663296	-1,87916660308838
50,679294	-1,8791286945343
50,695296	-1,87908601760864
50,712888	-1,87903499603271
50,743301	-1,87897634506226
50,759289	-1,8789050579071
50,775327	-1,87882661819458
50,791294	-1,87875318527222
50,807287	-1,8786895275116
50,823290	-1,87863349914551
50,839389	-1,87859606742859
50,857928	-1,87857007980347
50,888315	-1,87856268882751
50,904306	-1,8785674571991
50,920295	-1,87858104705811
50,936095	-1,87859773635864
50,950290	-1,87860918045044
50,966285	-1,87860584259033
50,982290	-1,87860631942749
51,004691	-1,87860321998596
51,030299	-1,87860250473022
51,046335	-1,87861061096191
51,062332	-1,87862849235535
51,078417	-1,87865829467773
51,095608	-1,87871122360229
51,111614	-1,87878608703613
51,127583	-1,87888288497925
51,145174	-1,87898564338684
51,175585	-1,87908720970154
51,191694	-1,87919092178345
51,207591	-1,87928605079651
51,223711	-1,87937045097351
51,239580	-1,87944889068604
51,255604	-1,87950611114502
51,271618	-1,87953925132751
51,287656	-1,87957000732422
51,319659	-1,87961006164551
51,335401	-1,87965822219849
51,349592	-1,87972903251648
51,365578	-1,87981986999512
51,381570	-1,87991952896118
51,397573	-1,88003182411194
51,413617	-1,88017416000366
51,429613	-1,88033986091614
51,447165	-1,88051271438599
51,477564	-1,88067483901978
51,493568	-1,88079738616943
51,509565	-1,88087105751038
51,525571	-1,88090562820435
51,541568	-1,88091063499451
51,557580	-1,88090300559998
51,573566	-1,88089489936829
51,591172	-1,88088250160217
51,621569	-1,88087224960327
51,637570	-1,88088417053223
51,653566	-1,88092565536499
51,669575	-1,88100051879883
51,685573	-1,88110494613647
51,701565	-1,88122749328613
51,717571	-1,88134288787842
51,735219	-1,88142967224121
51,765614	-1,88149309158325
51,781570	-1,88151359558105
51,797567	-1,88148713111877
51,813568	-1,8814389705658
51,829570	-1,88136291503906
51,845670	-1,8812530040741
51,862620	-1,88114023208618
51,892990	-1,88103580474854
51,908576	-1,88093495368958
51,924781	-1,88086462020874
51,942644	-1,88082337379456
51,958561	-1,8808012008667
51,973521	-1,88079953193665
51,988572	-1,8808000087738
52,004568	-1,8808012008667
52,022175	-1,88079690933228
52,052615	-1,88076543807983
52,069038	-1,88070106506348
52,085609	-1,88060426712036
52,101598	-1,88047027587891
52,117571	-1,8803186416626
52,133567	-1,8801600933075
52,149572	-1,88000392913818
52,165978	-1,87985825538635
52,197586	-1,87972235679626
52,213632	-1,8796079158783
52,229576	-1,87952089309692
52,245588	-1,87945103645325
52,261574	-1,87940788269043
52,277567	-1,87937569618225
52,293574	-1,87933111190796
52,309573	-1,87928557395935
52,327167	-1,87923693656921
52,357575	-1,87916016578674
52,373565	-1,87908601760864
52,389565	-1,87901926040649
52,405570	-1,87893104553223
52,421599	-1,87884521484375
52,437693	-1,87878251075745
52,453409	-1,87872195243835
52,469561	-1,87867712974548
